Coarse-scale-data/Bio-ORACLE-projtemp/temp_mean_2050_6.0.asc
ncols         64
nrows         68
xllcorner     -552526.67139316
yllcorner     3561544.368174
cellsize      17237.140329928
NODATA_value  -9999
[rows 33 to 65 of 68, columns 0 to 63 of 64]
-9999 -9999 -9999 -9999 -9999 -9999 -9999 -9999 15.55907 15.5124 15.42215 15.31545 15.21231 15.12217 15.03168 14.94697 14.84495 14.73862 14.65042 14.53427 14.44495 14.34411 14.25273 14.18826 14.11697 14.07609 14.03119 13.9438 13.83895 13.7063 13.55294 13.47855 13.44923 -9999 -9999 -9999 -9999 -9999 -9999 -9999 -9999 -9999 -9999 -9999 -9999 -9999 -9999 -9999 -9999 -9999 -9999 -9999 -9999 -9999 -9999 -9999 -9999 -9999 -9999 -9999 -9999 -9999 -9999 -9999
-9999 -9999 -9999 -9999 -9999 -9999 -9999 -9999 -9999 -9999 15.53066 15.42124 15.3078 15.21585 15.12413 15.04206 14.95222 14.84531 14.74425 14.6463 14.54796 14.4515 14.36231 14.28743 14.22728 14.19299 14.15678 14.11386 14.03747 13.88785 13.74024 13.60817 13.50243 -9999 -9999 -9999 -9999 -9999 -9999 -9999 -9999 -9999 -9999 -9999 -9999 -9999 -9999 -9999 -9999 -9999 -9999 -9999 -9999 -9999 -9999 -9999 -9999 -9999 -9999 -9999 -9999 -9999 -9999 -9999
-9999 -9999 -9999 -9999 -9999 -9999 -9999 -9999 -9999 -9999 15.61326 15.49957 15.4009 15.30376 15.20665 15.14101 15.04779 14.93676 14.85602 14.75465 14.66048 14.56561 14.47201 14.40511 14.34699 14.30546 14.28593 14.28084 14.22675 14.11694 13.9745 13.77362 13.60691 13.53415 -9999 -9999 -9999 -9999 -9999 -9999 -9999 -9999 -9999 -9999 -9999 -9999 -9999 -9999 -9999 -9999 -9999 -9999 -9999 -9999 -9999 -9999 -9999 -9999 -9999 -9999 -9999 -9999 -9999 -9999
-9999 -9999 -9999 -9999 -9999 -9999 -9999 -9999 -9999 -9999 15.71174 15.6027 15.50039 15.39411 15.29887 15.21812 15.11748 15.01079 14.91526 14.81446 14.73775 14.63423 14.55919 14.49953 14.43489 14.39893 14.38547 14.38545 14.36313 14.31043 14.16047 13.98638 13.78047 13.63859 13.59634 13.60724 -9999 -9999 -9999 -9999 -9999 -9999 -9999 -9999 -9999 -9999 -9999 -9999 -9999 -9999 -9999 -9999 -9999 -9999 -9999 -9999 -9999 -9999 -9999 -9999 -9999 -9999 -9999 -9999
-9999 -9999 -9999 -9999 -9999 -9999 -9999 -9999 -9999 -9999 15.81661 15.72586 15.61977 15.51676 15.41261 15.30879 15.21614 15.1174 15.01728 14.91259 14.82465 14.73368 14.65827 14.58725 14.52265 14.48823 14.46559 14.46252 14.44741 14.37972 14.27989 14.10686 13.89326 13.74845 13.64247 13.63971 13.63415 -9999 -9999 -9999 -9999 -9999 -9999 -9999 -9999 -9999 -9999 -9999 -9999 -9999 -9999 -9999 -9999 -9999 -9999 -9999 -9999 -9999 -9999 -9999 -9999 -9999 -9999 -9999
-9999 -9999 -9999 -9999 -9999 -9999 -9999 -9999 -9999 -9999 15.88082 15.81946 15.73262 15.61364 15.50006 15.41059 15.30851 15.2118 15.11555 15.01384 14.93421 14.85253 14.76934 14.69785 14.63462 14.59125 14.57041 14.56025 14.54487 14.50577 14.41686 14.24962 14.00627 13.81569 13.68484 13.69916 -9999 -9999 -9999 -9999 -9999 -9999 -9999 -9999 -9999 -9999 -9999 -9999 -9999 -9999 -9999 -9999 -9999 -9999 -9999 -9999 -9999 -9999 -9999 -9999 -9999 -9999 -9999 -9999
-9999 -9999 -9999 -9999 -9999 -9999 -9999 -9999 -9999 -9999 15.91267 15.88615 15.80387 15.69866 15.57845 15.47186 15.36413 15.28361 15.19089 15.09339 15.02507 14.93356 14.86505 14.7993 14.73127 14.69724 14.66662 14.65441 14.64219 14.61388 14.53143 14.36558 14.14332 13.90468 13.75433 13.74355 -9999 -9999 -9999 -9999 -9999 -9999 -9999 -9999 -9999 -9999 -9999 -9999 -9999 -9999 -9999 -9999 -9999 -9999 -9999 -9999 -9999 -9999 -9999 -9999 -9999 -9999 -9999 -9999
-9999 -9999 -9999 -9999 -9999 -9999 -9999 -9999 -9999 -9999 -9999 15.97887 15.86548 15.76973 15.65952 15.55784 15.45748 15.36019 15.27252 15.17879 15.10615 15.0173 14.95079 14.8747 14.80402 14.77269 14.72691 14.71266 14.6971 14.66603 14.60615 14.47872 14.2564 14.0321 13.83422 13.78533 13.83927 -9999 -9999 -9999 -9999 -9999 -9999 -9999 -9999 -9999 -9999 -9999 -9999 -9999 -9999 -9999 -9999 -9999 -9999 -9999 -9999 -9999 -9999 -9999 -9999 -9999 -9999 -9999
-9999 -9999 -9999 -9999 -9999 -9999 -9999 -9999 -9999 -9999 -9999 16.04437 15.96032 15.84898 15.75158 15.64558 15.53971 15.44976 15.3622 15.27595 15.20853 15.13516 15.05745 14.97853 14.90253 14.86519 14.82941 14.80653 14.77619 14.74978 14.68953 14.58744 14.37867 14.1846 13.95819 13.87523 13.88491 -9999 -9999 -9999 -9999 -9999 -9999 -9999 -9999 -9999 -9999 -9999 -9999 -9999 -9999 -9999 -9999 -9999 -9999 -9999 -9999 -9999 -9999 -9999 -9999 -9999 -9999 -9999
-9999 -9999 -9999 -9999 -9999 -9999 -9999 -9999 -9999 -9999 -9999 -9999 16.01032 15.9051 15.81124 15.7042 15.60056 15.52517 15.43323 15.35846 15.30066 15.22827 15.15839 15.07855 14.98615 14.95794 14.91882 14.88231 14.85176 14.81886 14.77011 14.69701 14.53648 14.38453 14.17428 14.03841 13.96858 -9999 -9999 -9999 -9999 -9999 -9999 -9999 -9999 -9999 -9999 -9999 -9999 -9999 -9999 -9999 -9999 -9999 -9999 -9999 -9999 -9999 -9999 -9999 -9999 -9999 -9999 -9999
-9999 -9999 -9999 -9999 -9999 -9999 -9999 -9999 -9999 -9999 -9999 -9999 16.04732 15.95346 15.85406 15.76644 15.66665 15.58212 15.4968 15.42587 15.3663 15.2938 15.23002 15.14616 15.08018 15.03851 14.97289 14.93975 14.90019 14.86072 14.82511 14.76736 14.67276 14.55972 14.37487 14.21751 14.08721 14.02246 -9999 -9999 -9999 -9999 -9999 -9999 -9999 -9999 -9999 -9999 -9999 -9999 -9999 -9999 -9999 -9999 -9999 -9999 -9999 -9999 -9999 -9999 -9999 -9999 -9999 -9999
-9999 -9999 -9999 -9999 -9999 -9999 -9999 -9999 -9999 -9999 -9999 -9999 16.09386 16.00503 15.91502 15.8332 15.73441 15.64556 15.56492 15.49579 15.44024 15.37307 15.3 15.24094 15.16944 15.10762 15.04588 14.99513 14.94467 14.90334 14.86847 14.82375 14.76878 14.67613 14.5221 14.37571 14.20502 14.10513 14.14015 -9999 -9999 -9999 -9999 -9999 -9999 -9999 -9999 -9999 -9999 -9999 -9999 -9999 -9999 -9999 -9999 -9999 -9999 -9999 -9999 -9999 -9999 -9999 -9999 -9999
-9999 -9999 -9999 -9999 -9999 -9999 -9999 -9999 -9999 -9999 -9999 -9999 16.15534 16.06712 15.97772 15.88329 15.78953 15.71139 15.61852 15.55527 15.4971 15.43662 15.36368 15.28646 15.22672 15.1653 15.10056 15.04333 14.98718 14.94548 14.91239 14.88352 14.84852 14.80175 14.7128 14.56818 14.41482 14.24413 14.15638 14.15824 -9999 -9999 -9999 -9999 -9999 -9999 -9999 -9999 -9999 -9999 -9999 -9999 -9999 -9999 -9999 -9999 -9999 -9999 -9999 -9999 -9999 -9999 -9999 -9999
-9999 -9999 -9999 -9999 -9999 -9999 -9999 -9999 -9999 -9999 -9999 -9999 16.1763 16.12259 16.03601 15.94155 15.83972 15.75914 15.66938 15.60255 15.53747 15.46837 15.41123 15.32538 15.26525 15.21017 15.13901 15.08676 15.02656 14.97919 14.95094 14.92016 14.90524 14.88704 14.82871 14.74302 14.61704 14.43487 14.31261 14.24116 14.20299 -9999 -9999 -9999 -9999 -9999 -9999 -9999 -9999 -9999 -9999 -9999 -9999 -9999 -9999 -9999 -9999 -9999 -9999 -9999 -9999 -9999 -9999 -9999
-9999 -9999 -9999 -9999 -9999 -9999 -9999 -9999 -9999 -9999 -9999 -9999 -9999 16.18653 16.11094 16.02212 15.90632 15.81049 15.7276 15.6629 15.60491 15.53545 15.46146 15.38794 15.31827 15.26035 15.19309 15.13615 15.08189 15.02563 14.99062 14.95927 14.95375 14.93758 14.90504 14.8546 14.72074 14.57716 14.44907 14.29189 14.2516 14.24866 -9999 -9999 -9999 -9999 -9999 -9999 -9999 -9999 -9999 -9999 -9999 -9999 -9999 -9999 -9999 -9999 -9999 -9999 -9999 -9999 -9999 -9999
-9999 -9999 -9999 -9999 -9999 -9999 -9999 -9999 -9999 -9999 -9999 -9999 -9999 16.26229 16.1905 16.09411 15.99245 15.89809 15.79495 15.73387 15.67341 15.60078 15.53609 15.45648 15.3822 15.32365 15.25858 15.19991 15.16001 15.10194 15.05124 15.0218 15.02088 15.02557 15.02936 14.98118 14.87708 14.74321 14.55858 14.39627 14.2682 14.1851 -9999 -9999 -9999 -9999 -9999 -9999 -9999 -9999 -9999 -9999 -9999 -9999 -9999 -9999 -9999 -9999 -9999 -9999 -9999 -9999 -9999 -9999
-9999 -9999 -9999 -9999 -9999 -9999 -9999 -9999 -9999 -9999 -9999 -9999 -9999 16.31837 16.25006 16.15412 16.05355 15.95277 15.85901 15.79961 15.71964 15.65755 15.59792 15.51442 15.4497 15.3879 15.3222 15.27101 15.22645 15.17791 15.12956 15.10377 15.09194 15.09345 15.09498 15.07151 15.01071 14.88107 14.68832 14.46209 14.29772 14.19671 -9999 -9999 -9999 -9999 -9999 -9999 -9999 -9999 -9999 -9999 -9999 -9999 -9999 -9999 -9999 -9999 -9999 -9999 -9999 -9999 -9999 -9999
-9999 -9999 -9999 -9999 -9999 -9999 -9999 -9999 -9999 -9999 -9999 -9999 -9999 16.35809 16.31891 16.23619 16.12536 16.03156 15.93906 15.87149 15.79281 15.74026 15.66779 15.59149 15.52761 15.46211 15.39525 15.33924 15.2756 15.23349 15.19883 15.15803 15.14609 15.14186 15.14077 15.12851 15.0763 14.96059 14.76774 14.5527 14.3761 14.26884 -9999 -9999 -9999 -9999 -9999 -9999 -9999 -9999 -9999 -9999 -9999 -9999 -9999 -9999 -9999 -9999 -9999 -9999 -9999 -9999 -9999 -9999
-9999 -9999 -9999 -9999 -9999 -9999 -9999 -9999 -9999 -9999 -9999 -9999 -9999 -9999 16.37442 16.30645 16.21257 16.11267 16.01901 15.96086 15.89992 15.83529 15.76605 15.68962 15.62161 15.56024 15.49043 15.42817 15.37307 15.33114 15.28491 15.24677 15.22729 15.21494 15.20825 15.18874 15.14493 15.04185 14.84878 14.65485 14.46691 14.39812 -9999 -9999 -9999 -9999 -9999 -9999 -9999 -9999 -9999 -9999 -9999 -9999 -9999 -9999 -9999 -9999 -9999 -9999 -9999 -9999 -9999 -9999
-9999 -9999 -9999 -9999 -9999 -9999 -9999 -9999 -9999 -9999 -9999 -9999 -9999 -9999 16.43184 16.35944 16.27905 16.18641 16.08874 16.04135 15.97198 15.91716 15.85476 15.77676 15.71795 15.6578 15.58564 15.53232 15.48005 15.42715 15.38398 15.34178 15.30487 15.29116 15.27271 15.25104 15.213 15.12191 14.96637 14.75256 14.58533 14.55041 -9999 -9999 -9999 -9999 -9999 -9999 -9999 -9999 -9999 -9999 -9999 -9999 -9999 -9999 -9999 -9999 -9999 -9999 -9999 -9999 -9999 -9999
-9999 -9999 -9999 -9999 -9999 -9999 -9999 -9999 -9999 -9999 -9999 -9999 -9999 -9999 16.5423 16.46481 16.36395 16.2676 16.1837 16.13018 16.06167 16.00733 15.93749 15.85862 15.80418 15.72958 15.66696 15.61327 15.54126 15.49825 15.45041 15.40633 15.37735 15.34548 15.32259 15.29865 15.26498 15.19761 15.08173 14.87486 14.73139 14.69198 14.85623 15.09502 15.56199 15.83637 16.1238 16.321 -9999 -9999 -9999 -9999 -9999 -9999 -9999 -9999 -9999 -9999 -9999 -9999 -9999 -9999 -9999 -9999
-9999 -9999 -9999 -9999 -9999 -9999 -9999 -9999 -9999 -9999 -9999 -9999 -9999 -9999 16.61783 16.56689 16.48499 16.37886 16.2909 16.24472 16.18632 16.12183 16.05397 15.96755 15.89747 15.83031 15.77354 15.71055 15.66543 15.60574 15.54506 15.50443 15.46758 15.42555 15.39625 15.3611 15.33028 15.27876 15.18099 15.02273 14.87709 14.81977 14.94457 15.16624 15.52594 15.862 16.15026 16.38733 16.56065 -9999 -9999 -9999 -9999 -9999 -9999 -9999 -9999 -9999 -9999 -9999 -9999 -9999 -9999 -9999
-9999 -9999 -9999 -9999 -9999 -9999 -9999 -9999 -9999 -9999 -9999 -9999 -9999 -9999 -9999 16.65422 16.59527 16.48507 16.40385 16.35404 16.28525 16.22359 16.15233 16.06153 15.99429 15.93252 15.86762 15.82374 15.77641 15.71428 15.66151 15.6123 15.56769 15.53069 15.48607 15.4478 15.41104 15.36083 15.28476 15.1698 15.03942 14.94921 15.03995 15.19086 15.5113 15.91498 16.24876 16.47925 16.68402 16.918 17.11403 17.30877 17.38101 -9999 -9999 -9999 -9999 -9999 -9999 -9999 -9999 -9999 -9999 -9999
-9999 -9999 -9999 -9999 -9999 -9999 -9999 -9999 -9999 -9999 -9999 -9999 -9999 -9999 -9999 16.78576 16.70653 16.61076 16.52361 16.45155 16.37261 16.30803 16.22534 16.13826 16.07713 15.982 15.94475 15.89529 15.8416 15.79612 15.74217 15.69493 15.65716 15.61693 15.56761 15.52473 15.47426 15.42876 15.38598 15.29696 15.2121 15.13331 15.16286 15.36648 15.69357 16.02507 16.42174 16.70875 16.95763 17.11522 17.30506 17.44983 17.5168 17.54755 -9999 -9999 -9999 -9999 -9999 -9999 -9999 -9999 -9999 -9999
-9999 -9999 -9999 -9999 -9999 -9999 -9999 -9999 -9999 -9999 -9999 -9999 -9999 -9999 -9999 16.90545 16.83417 16.73944 16.64156 16.56913 16.49257 16.40683 16.32163 16.24693 16.16652 16.09492 16.03534 15.98299 15.93414 15.88952 15.83315 15.78699 15.74883 15.7045 15.64976 15.59159 15.53207 15.48942 15.45108 15.38992 15.32909 15.26663 15.28958 15.49631 15.74414 16.07722 16.3868 16.7308 16.97801 17.20204 17.44171 17.56197 17.63295 17.75465 17.86227 -9999 -9999 -9999 -9999 -9999 -9999 -9999 -9999 -9999
-9999 -9999 -9999 -9999 -9999 -9999 -9999 -9999 -9999 -9999 -9999 -9999 -9999 -9999 -9999 16.96192 16.93346 16.82801 16.7444 16.67257 16.58432 16.50582 16.41541 16.32629 16.2636 16.19164 16.12484 16.08162 16.03841 15.9901 15.94081 15.88884 15.84808 15.80951 15.74169 15.67948 15.61604 15.56102 15.52546 15.48575 15.44229 15.41582 15.46539 15.55884 15.7276 16.04573 16.3652 16.64762 16.95388 17.21586 17.48232 17.65246 17.74774 17.83057 17.92038 18.01278 18.16499 -9999 -9999 -9999 -9999 -9999 -9999 -9999
-9999 -9999 -9999 -9999 -9999 -9999 -9999 -9999 -9999 -9999 -9999 -9999 -9999 -9999 -9999 -9999 16.99283 16.89639 16.82252 16.73198 16.64245 16.57549 16.48246 16.39516 16.33421 16.25861 16.20648 16.16346 16.11864 16.07671 16.02783 15.97892 15.93909 15.88899 15.8224 15.76197 15.68547 15.6323 15.59839 15.56694 15.54439 15.52888 15.56635 15.62458 15.74598 15.93771 16.15079 16.44079 16.77112 17.14068 17.44694 17.65906 17.83014 17.94353 18.03652 18.12811 18.22625 18.32179 -9999 -9999 -9999 -9999 -9999 -9999
-9999 -9999 -9999 -9999 -9999 -9999 -9999 -9999 -9999 -9999 -9999 -9999 -9999 -9999 -9999 -9999 17.05244 16.96873 16.90048 16.83396 16.73639 16.65581 16.5732 16.47408 16.41024 16.34614 16.29784 16.2552 16.21424 16.16941 16.11482 16.07435 16.02612 15.95762 15.89742 15.82866 15.7518 15.70244 15.65192 15.62192 15.60487 15.59494 15.61441 15.68003 15.7573 15.87206 16.07125 16.35448 16.64294 17.0598 17.38346 17.61418 17.84264 17.98899 18.10938 18.21633 18.29741 18.35787 18.40222 -9999 -9999 -9999 -9999 -9999
-9999 -9999 -9999 -9999 -9999 -9999 -9999 -9999 -9999 -9999 -9999 -9999 -9999 -9999 -9999 -9999 17.1204 17.04889 16.9903 16.92379 16.82598 16.75412 16.6611 16.56842 16.5046 16.44646 16.39604 16.37046 16.33724 16.28489 16.23865 16.19054 16.13412 16.07802 16.004 15.93467 15.86754 15.80435 15.76183 15.72355 15.69253 15.68124 15.69938 15.73358 15.80118 15.88895 16.05422 16.31888 16.60588 16.97258 17.29063 17.57221 17.79739 17.98026 18.14776 18.27408 18.35309 18.40738 18.43122 18.42299 -9999 -9999 -9999 -9999
-9999 -9999 -9999 -9999 -9999 -9999 -9999 -9999 -9999 -9999 -9999 -9999 -9999 -9999 -9999 -9999 17.16664 17.11608 17.0666 16.9925 16.8797 16.82518 16.73219 16.6411 16.58813 16.52317 16.47931 16.46461 16.43131 16.38742 16.35083 16.28561 16.24258 16.18577 16.11257 16.05176 15.97901 15.9223 15.88534 15.83527 15.80267 15.78836 15.79614 15.82041 15.87925 15.9704 16.10424 16.34011 16.62689 16.9187 17.23545 17.50627 17.73002 17.94502 18.1315 18.28469 18.37802 18.44572 18.45516 18.42848 -9999 -9999 -9999 -9999
-9999 -9999 -9999 -9999 -9999 -9999 -9999 -9999 -9999 -9999 -9999 -9999 -9999 -9999 -9999 -9999 17.2595 17.22671 17.14043 17.07757 16.97843 16.89842 16.81952 16.73595 16.6747 16.61192 16.56558 16.53742 16.4974 16.46344 16.41117 16.35141 16.30983 16.24053 16.17096 16.1081 16.04203 16.003 15.95987 15.91102 15.8829 15.85958 15.86741 15.8961 15.94646 16.05153 16.18614 16.416 16.63173 16.93035 17.22965 17.4343 17.68743 17.90269 18.07392 18.25708 18.36698 18.43764 18.42677 18.38689 -9999 -9999 -9999 -9999
-9999 -9999 -9999 -9999 -9999 -9999 -9999 -9999 -9999 -9999 -9999 -9999 -9999 -9999 -9999 -9999 -9999 17.29843 17.24599 17.16977 17.08378 17.01441 16.92879 16.85249 16.7894 16.73127 16.6818 16.64838 16.61475 16.56419 16.52434 16.44956 16.39092 16.33919 16.26935 16.21414 16.16683 16.12384 16.07543 16.03326 15.9961 15.96802 15.97575 15.99804 16.04926 16.1323 16.25196 16.47329 16.65066 16.93867 17.21921 17.40409 17.65499 17.86054 18.02637 18.21655 18.33445 18.39717 18.36141 18.27913 -9999 -9999 -9999 -9999
-9999 -9999 -9999 -9999 -9999 -9999 -9999 -9999 -9999 -9999 -9999 -9999 -9999 -9999 -9999 -9999 -9999 17.35723 17.31334 17.23726 17.16312 17.10725 17.017 16.94818 16.88984 16.82668 16.7898 16.75571 16.70674 16.6675 16.60317 16.53838 16.48602 16.42361 16.36738 16.31976 16.27195 16.24156 16.2005 16.16255 16.13791 16.10976 16.11046 16.1271 16.17289 16.2405 16.32531 16.51347 16.70239 16.92201 17.1937 17.38925 17.60032 17.81165 17.98801 18.16524 18.29101 18.3568 18.30154 18.19398 18.1331 -9999 -9999 -9999
