Coarse-scale-data/Bio-ORACLE-projtemp/temp_mean_2050_8.5.asc
ncols         64
nrows         68
xllcorner     -552526.67139316
yllcorner     3561544.368174
cellsize      17237.140329928
NODATA_value  -9999
[rows 33 to 65 of 68, columns 0 to 63 of 64]
-9999 -9999 -9999 -9999 -9999 -9999 -9999 -9999 15.93456 15.88824 15.8001 15.69542 15.59794 15.51255 15.42884 15.35728 15.26558 15.17706 15.09821 14.99137 14.91352 14.82957 14.75794 14.70722 14.65858 14.63406 14.60633 14.52781 14.42974 14.31014 14.16931 14.10041 14.07287 -9999 -9999 -9999 -9999 -9999 -9999 -9999 -9999 -9999 -9999 -9999 -9999 -9999 -9999 -9999 -9999 -9999 -9999 -9999 -9999 -9999 -9999 -9999 -9999 -9999 -9999 -9999 -9999 -9999 -9999 -9999
-9999 -9999 -9999 -9999 -9999 -9999 -9999 -9999 -9999 -9999 15.90712 15.80095 15.6931 15.6051 15.52164 15.45056 15.37233 15.28088 15.18853 15.09553 15.00834 14.93221 14.87075 14.80637 14.76765 14.75172 14.73872 14.70382 14.63661 14.50263 14.36073 14.23023 14.12853 -9999 -9999 -9999 -9999 -9999 -9999 -9999 -9999 -9999 -9999 -9999 -9999 -9999 -9999 -9999 -9999 -9999 -9999 -9999 -9999 -9999 -9999 -9999 -9999 -9999 -9999 -9999 -9999 -9999 -9999 -9999
-9999 -9999 -9999 -9999 -9999 -9999 -9999 -9999 -9999 -9999 15.98821 15.87738 15.78377 15.68981 15.60205 15.54824 15.46821 15.36679 15.293 15.19777 15.11209 15.04303 14.97758 14.92309 14.88323 14.86303 14.86619 14.87521 14.83421 14.73642 14.59968 14.3983 14.2404 14.18503 -9999 -9999 -9999 -9999 -9999 -9999 -9999 -9999 -9999 -9999 -9999 -9999 -9999 -9999 -9999 -9999 -9999 -9999 -9999 -9999 -9999 -9999 -9999 -9999 -9999 -9999 -9999 -9999 -9999 -9999
-9999 -9999 -9999 -9999 -9999 -9999 -9999 -9999 -9999 -9999 16.08526 15.97941 15.88118 15.78016 15.69049 15.62982 15.53585 15.43926 15.35198 15.26045 15.19783 15.1138 15.06297 15.01642 14.96979 14.95157 14.95868 14.98087 14.96974 14.92985 14.78214 14.61231 14.41655 14.28999 14.26546 14.28934 -9999 -9999 -9999 -9999 -9999 -9999 -9999 -9999 -9999 -9999 -9999 -9999 -9999 -9999 -9999 -9999 -9999 -9999 -9999 -9999 -9999 -9999 -9999 -9999 -9999 -9999 -9999 -9999
-9999 -9999 -9999 -9999 -9999 -9999 -9999 -9999 -9999 -9999 16.18956 16.10181 16.00065 15.90637 15.81401 15.72211 15.63652 15.54552 15.45151 15.36467 15.29058 15.21162 15.1614 15.1021 15.05449 15.0393 15.03663 15.0514 15.05056 14.99102 14.89769 14.73048 14.52842 14.39404 14.30507 14.3128 14.30368 -9999 -9999 -9999 -9999 -9999 -9999 -9999 -9999 -9999 -9999 -9999 -9999 -9999 -9999 -9999 -9999 -9999 -9999 -9999 -9999 -9999 -9999 -9999 -9999 -9999 -9999 -9999
-9999 -9999 -9999 -9999 -9999 -9999 -9999 -9999 -9999 -9999 16.25373 16.19548 16.11422 16.00873 15.90408 15.82545 15.73036 15.64063 15.5535 15.46721 15.40325 15.33348 15.26783 15.20945 15.16619 15.14459 15.13736 15.14169 15.14542 15.11364 15.03771 14.87984 14.64314 14.46309 14.34196 14.36701 -9999 -9999 -9999 -9999 -9999 -9999 -9999 -9999 -9999 -9999 -9999 -9999 -9999 -9999 -9999 -9999 -9999 -9999 -9999 -9999 -9999 -9999 -9999 -9999 -9999 -9999 -9999 -9999
-9999 -9999 -9999 -9999 -9999 -9999 -9999 -9999 -9999 -9999 16.28614 16.26454 16.18671 16.08734 15.98212 15.88521 15.78535 15.71113 15.62609 15.54117 15.49432 15.41529 15.36226 15.31254 15.26634 15.24965 15.22917 15.23289 15.22776 15.22049 15.15314 14.99669 14.78218 14.56218 14.41626 14.4109 -9999 -9999 -9999 -9999 -9999 -9999 -9999 -9999 -9999 -9999 -9999 -9999 -9999 -9999 -9999 -9999 -9999 -9999 -9999 -9999 -9999 -9999 -9999 -9999 -9999 -9999 -9999 -9999
-9999 -9999 -9999 -9999 -9999 -9999 -9999 -9999 -9999 -9999 -9999 16.36121 16.25699 16.163 16.0599 15.96998 15.87935 15.79111 15.70829 15.62786 15.57293 15.49881 15.45503 15.39168 15.33321 15.31774 15.28406 15.28948 15.28601 15.27203 15.22185 15.10461 14.89773 14.69612 14.49946 14.45424 14.51122 -9999 -9999 -9999 -9999 -9999 -9999 -9999 -9999 -9999 -9999 -9999 -9999 -9999 -9999 -9999 -9999 -9999 -9999 -9999 -9999 -9999 -9999 -9999 -9999 -9999 -9999 -9999
-9999 -9999 -9999 -9999 -9999 -9999 -9999 -9999 -9999 -9999 -9999 16.42561 16.3491 16.24254 16.14961 16.05859 15.96288 15.88056 15.80167 15.72665 15.67327 15.62064 15.56346 15.49897 15.43805 15.40919 15.38149 15.38019 15.36351 15.35296 15.30512 15.21859 15.03282 14.8529 14.62864 14.549 14.56029 -9999 -9999 -9999 -9999 -9999 -9999 -9999 -9999 -9999 -9999 -9999 -9999 -9999 -9999 -9999 -9999 -9999 -9999 -9999 -9999 -9999 -9999 -9999 -9999 -9999 -9999 -9999
-9999 -9999 -9999 -9999 -9999 -9999 -9999 -9999 -9999 -9999 -9999 -9999 16.39655 16.29998 16.21271 16.11451 16.02074 15.95483 15.87415 15.80694 15.76686 15.71554 15.65926 15.59643 15.51871 15.49426 15.47451 15.45777 15.44084 15.41941 15.38394 15.33329 15.19847 15.05405 14.84948 14.71735 14.64782 -9999 -9999 -9999 -9999 -9999 -9999 -9999 -9999 -9999 -9999 -9999 -9999 -9999 -9999 -9999 -9999 -9999 -9999 -9999 -9999 -9999 -9999 -9999 -9999 -9999 -9999 -9999
-9999 -9999 -9999 -9999 -9999 -9999 -9999 -9999 -9999 -9999 -9999 -9999 16.43221 16.35107 16.26133 16.1799 16.08874 16.01787 15.9397 15.87919 15.83759 15.78237 15.73069 15.66334 15.60618 15.58232 15.52869 15.51006 15.487 15.46141 15.43771 15.40981 15.3326 15.22544 15.04756 14.89646 14.76961 14.70986 -9999 -9999 -9999 -9999 -9999 -9999 -9999 -9999 -9999 -9999 -9999 -9999 -9999 -9999 -9999 -9999 -9999 -9999 -9999 -9999 -9999 -9999 -9999 -9999 -9999 -9999
-9999 -9999 -9999 -9999 -9999 -9999 -9999 -9999 -9999 -9999 -9999 -9999 16.48221 16.40931 16.32892 16.24932 16.16288 16.08778 16.01572 15.95611 15.91214 15.86521 15.80745 15.75433 15.70133 15.65335 15.59978 15.56567 15.52771 15.50225 15.48427 15.46763 15.42242 15.33672 15.19166 15.05256 14.89052 14.79562 14.83262 -9999 -9999 -9999 -9999 -9999 -9999 -9999 -9999 -9999 -9999 -9999 -9999 -9999 -9999 -9999 -9999 -9999 -9999 -9999 -9999 -9999 -9999 -9999 -9999 -9999
-9999 -9999 -9999 -9999 -9999 -9999 -9999 -9999 -9999 -9999 -9999 -9999 16.53778 16.46621 16.39141 16.30007 16.22088 16.15303 16.07323 16.01987 15.98107 15.93047 15.8725 15.8058 15.75498 15.70966 15.65689 15.61184 15.56752 15.53972 15.52695 15.51736 15.494 15.45822 15.38334 15.2484 15.10173 14.94111 14.85542 14.86958 -9999 -9999 -9999 -9999 -9999 -9999 -9999 -9999 -9999 -9999 -9999 -9999 -9999 -9999 -9999 -9999 -9999 -9999 -9999 -9999 -9999 -9999 -9999 -9999
-9999 -9999 -9999 -9999 -9999 -9999 -9999 -9999 -9999 -9999 -9999 -9999 16.56554 16.52046 16.44834 16.35933 16.27026 16.20091 16.12379 16.07103 16.01859 15.96893 15.91998 15.84012 15.79456 15.75117 15.69242 15.65302 15.6026 15.56701 15.55974 15.54548 15.54276 15.53818 15.49538 15.42227 15.30234 15.13169 15.01505 14.95529 14.9195 -9999 -9999 -9999 -9999 -9999 -9999 -9999 -9999 -9999 -9999 -9999 -9999 -9999 -9999 -9999 -9999 -9999 -9999 -9999 -9999 -9999 -9999 -9999
-9999 -9999 -9999 -9999 -9999 -9999 -9999 -9999 -9999 -9999 -9999 -9999 -9999 16.583 16.52277 16.43999 16.34047 16.26432 16.19436 16.13688 16.08857 16.03859 15.9726 15.90244 15.84225 15.79605 15.74458 15.70073 15.65315 15.61005 15.5984 15.58474 15.58923 15.59271 15.5736 15.53165 15.40444 15.27698 15.1569 15.01488 14.9833 14.98118 -9999 -9999 -9999 -9999 -9999 -9999 -9999 -9999 -9999 -9999 -9999 -9999 -9999 -9999 -9999 -9999 -9999 -9999 -9999 -9999 -9999 -9999
-9999 -9999 -9999 -9999 -9999 -9999 -9999 -9999 -9999 -9999 -9999 -9999 -9999 16.65631 16.6003 16.51299 16.42722 16.34922 16.26101 16.20601 16.1612 16.1043 16.04447 15.97015 15.90051 15.85698 15.80823 15.7615 15.73095 15.68357 15.65436 15.64702 15.66667 15.69232 15.70375 15.65783 15.56373 15.44281 15.28443 15.13164 15.01008 14.91762 -9999 -9999 -9999 -9999 -9999 -9999 -9999 -9999 -9999 -9999 -9999 -9999 -9999 -9999 -9999 -9999 -9999 -9999 -9999 -9999 -9999 -9999
-9999 -9999 -9999 -9999 -9999 -9999 -9999 -9999 -9999 -9999 -9999 -9999 -9999 16.71654 16.65854 16.57433 16.4918 16.40517 16.32392 16.27875 16.20796 16.16308 16.10666 16.02958 15.97097 15.92431 15.86857 15.83061 15.80032 15.7549 15.73171 15.73087 15.74701 15.76592 15.77708 15.75859 15.70401 15.58176 15.41826 15.21236 15.04231 14.93141 -9999 -9999 -9999 -9999 -9999 -9999 -9999 -9999 -9999 -9999 -9999 -9999 -9999 -9999 -9999 -9999 -9999 -9999 -9999 -9999 -9999 -9999
-9999 -9999 -9999 -9999 -9999 -9999 -9999 -9999 -9999 -9999 -9999 -9999 -9999 16.76058 16.7276 16.65834 16.57265 16.49012 16.41436 16.35639 16.28305 16.2465 16.17846 16.10996 16.05789 16.00238 15.94591 15.90026 15.85432 15.82365 15.81214 15.78778 15.79378 15.80395 15.81582 15.81242 15.76619 15.65995 15.48569 15.28778 15.11504 15.00248 -9999 -9999 -9999 -9999 -9999 -9999 -9999 -9999 -9999 -9999 -9999 -9999 -9999 -9999 -9999 -9999 -9999 -9999 -9999 -9999 -9999 -9999
-9999 -9999 -9999 -9999 -9999 -9999 -9999 -9999 -9999 -9999 -9999 -9999 -9999 -9999 16.79266 16.74075 16.66259 16.57627 16.4953 16.45224 16.40054 16.33831 16.27617 16.21198 16.15353 16.10163 16.04928 15.99107 15.94828 15.9272 15.89691 15.87432 15.87166 15.8668 15.86927 15.86311 15.8269 15.73784 15.56014 15.37681 15.1974 15.12683 -9999 -9999 -9999 -9999 -9999 -9999 -9999 -9999 -9999 -9999 -9999 -9999 -9999 -9999 -9999 -9999 -9999 -9999 -9999 -9999 -9999 -9999
-9999 -9999 -9999 -9999 -9999 -9999 -9999 -9999 -9999 -9999 -9999 -9999 -9999 -9999 16.84962 16.79165 16.72733 16.64816 16.56693 16.53851 16.4747 16.42099 16.36601 16.29844 16.24313 16.19443 16.13569 16.09535 16.05198 16.00861 15.98033 15.9595 15.93974 15.93132 15.92349 15.92019 15.88474 15.80557 15.66857 15.4651 15.3051 15.27232 -9999 -9999 -9999 -9999 -9999 -9999 -9999 -9999 -9999 -9999 -9999 -9999 -9999 -9999 -9999 -9999 -9999 -9999 -9999 -9999 -9999 -9999
-9999 -9999 -9999 -9999 -9999 -9999 -9999 -9999 -9999 -9999 -9999 -9999 -9999 -9999 16.95764 16.89735 16.82543 16.74776 16.67616 16.63093 16.56454 16.51538 16.45056 16.37809 16.32633 16.25459 16.21223 16.17181 16.10233 16.06391 16.03403 16.00943 15.99776 15.97473 15.95896 15.9579 15.93021 15.87642 15.77519 15.581 15.44354 15.40953 15.58383 15.82608 16.2953 16.57077 16.85497 17.04972 -9999 -9999 -9999 -9999 -9999 -9999 -9999 -9999 -9999 -9999 -9999 -9999 -9999 -9999 -9999 -9999
-9999 -9999 -9999 -9999 -9999 -9999 -9999 -9999 -9999 -9999 -9999 -9999 -9999 -9999 17.03704 16.99881 16.94243 16.87382 16.79769 16.74766 16.69068 16.6277 16.56632 16.48873 16.42032 16.35756 16.31646 16.26165 16.21995 16.17002 16.12501 16.10343 16.08307 16.04914 16.02578 16.01337 15.99354 15.96027 15.8751 15.73059 15.58935 15.53657 15.67157 15.89866 16.26563 16.60494 16.88396 17.11734 17.28884 -9999 -9999 -9999 -9999 -9999 -9999 -9999 -9999 -9999 -9999 -9999 -9999 -9999 -9999 -9999
-9999 -9999 -9999 -9999 -9999 -9999 -9999 -9999 -9999 -9999 -9999 -9999 -9999 -9999 -9999 17.08801 17.04682 16.97466 16.90738 16.85585 16.787 16.72264 16.65876 16.57886 16.51816 16.46111 16.39461 16.36517 16.33337 16.27708 16.23396 16.20541 16.17404 16.15162 16.11613 16.09056 16.07291 16.04386 15.9826 15.88322 15.7534 15.66462 15.76396 15.92283 16.2653 16.6713 16.98481 17.20704 17.41145 17.65242 17.85727 18.04249 18.12058 -9999 -9999 -9999 -9999 -9999 -9999 -9999 -9999 -9999 -9999 -9999
-9999 -9999 -9999 -9999 -9999 -9999 -9999 -9999 -9999 -9999 -9999 -9999 -9999 -9999 -9999 17.21711 17.15899 17.08804 17.01617 16.94894 16.86976 16.80174 16.72523 16.6447 16.59854 16.5074 16.46839 16.43503 16.39635 16.35743 16.31377 16.27956 16.25384 16.23336 16.19438 16.16418 16.13423 16.1087 16.08028 16.0088 15.92371 15.84437 15.87753 16.0851 16.44826 16.77522 17.15286 17.43226 17.6825 17.84867 18.04104 18.1807 18.24518 18.28074 -9999 -9999 -9999 -9999 -9999 -9999 -9999 -9999 -9999 -9999
-9999 -9999 -9999 -9999 -9999 -9999 -9999 -9999 -9999 -9999 -9999 -9999 -9999 -9999 -9999 17.33956 17.28444 17.21329 17.12871 17.0599 16.98217 16.89574 16.81293 16.74275 16.6798 16.61538 16.56102 16.51572 16.47735 16.44668 16.40154 16.36102 16.33584 16.31005 16.26746 16.23093 16.1868 16.15998 16.13475 16.0831 16.02859 15.96732 15.99279 16.20029 16.45866 16.79677 17.10984 17.45101 17.70013 17.91737 18.17014 18.28828 18.35647 18.48106 18.58017 -9999 -9999 -9999 -9999 -9999 -9999 -9999 -9999 -9999
-9999 -9999 -9999 -9999 -9999 -9999 -9999 -9999 -9999 -9999 -9999 -9999 -9999 -9999 -9999 17.4005 17.38389 17.3021 17.22681 17.15396 17.06698 16.99125 16.90392 16.81395 16.763 16.70529 16.64293 16.60178 16.56299 16.52722 16.49159 16.4467 16.41701 16.39757 16.343 16.29968 16.25655 16.21472 16.19426 16.15839 16.12519 16.10539 16.15906 16.24302 16.43371 16.75316 17.07118 17.351 17.66017 17.92285 18.19866 18.37148 18.46381 18.54876 18.63735 18.73092 18.884 -9999 -9999 -9999 -9999 -9999 -9999 -9999
-9999 -9999 -9999 -9999 -9999 -9999 -9999 -9999 -9999 -9999 -9999 -9999 -9999 -9999 -9999 -9999 17.45271 17.37457 17.30521 17.21144 17.12419 17.06016 16.96465 16.87676 16.82294 16.75546 16.71181 16.66969 16.62539 16.59064 16.55444 16.51821 16.48831 16.45591 16.40084 16.35481 16.30371 16.26168 16.23882 16.21505 16.20467 16.19275 16.23319 16.29006 16.42224 16.62358 16.84455 17.13464 17.46845 17.84324 18.1508 18.36289 18.54232 18.65782 18.75283 18.8472 18.94632 19.04703 -9999 -9999 -9999 -9999 -9999 -9999
-9999 -9999 -9999 -9999 -9999 -9999 -9999 -9999 -9999 -9999 -9999 -9999 -9999 -9999 -9999 -9999 17.52797 17.46461 17.38849 17.31351 17.21144 17.12688 17.03731 16.9398 16.88761 16.83923 16.79533 16.74808 16.70417 16.6679 16.62479 16.60184 16.56645 16.50556 16.4588 16.40586 16.34773 16.31252 16.26932 16.24382 16.23985 16.24168 16.27067 16.33852 16.42 16.54669 16.75536 17.04204 17.33667 17.75587 18.08014 18.31115 18.55069 18.70108 18.8261 18.93694 19.02167 19.08539 19.13077 -9999 -9999 -9999 -9999 -9999
-9999 -9999 -9999 -9999 -9999 -9999 -9999 -9999 -9999 -9999 -9999 -9999 -9999 -9999 -9999 -9999 17.59655 17.53564 17.4794 17.40104 17.29806 17.22163 17.12013 17.02529 16.98019 16.93396 16.88406 16.85023 16.81081 16.77307 16.74218 16.71033 16.66381 16.61487 16.55108 16.50049 16.45299 16.40283 16.36394 16.32945 16.31672 16.31916 16.34763 16.3841 16.45256 16.54661 16.72581 16.99911 17.29397 17.66461 17.98534 18.2667 18.50228 18.69122 18.86589 18.99775 19.08087 19.13513 19.15703 19.14513 -9999 -9999 -9999 -9999
-9999 -9999 -9999 -9999 -9999 -9999 -9999 -9999 -9999 -9999 -9999 -9999 -9999 -9999 -9999 -9999 17.64423 17.59573 17.54517 17.46826 17.34984 17.29006 17.19507 17.10636 17.0627 17.00427 16.95991 16.94031 16.9019 16.87419 16.84937 16.79425 16.75747 16.7211 16.65017 16.60784 16.55075 16.50307 16.47859 16.43358 16.41419 16.41339 16.43471 16.46887 16.52604 16.62176 16.76549 17.0152 17.30995 17.60743 17.93016 18.20226 18.4334 18.65522 18.85087 19.01259 19.10655 19.17136 19.17826 19.15065 -9999 -9999 -9999 -9999
-9999 -9999 -9999 -9999 -9999 -9999 -9999 -9999 -9999 -9999 -9999 -9999 -9999 -9999 -9999 -9999 17.72805 17.70423 17.61064 17.54752 17.43789 17.36136 17.28821 17.21014 17.15198 17.09198 17.04727 17.02022 16.9825 16.95349 16.91037 16.86036 16.82843 16.77902 16.71868 16.66625 16.61053 16.58134 16.55526 16.51104 16.49301 16.48028 16.50144 16.53868 16.59442 16.70184 16.84286 17.08716 17.31025 17.61555 17.92097 18.13095 18.38658 18.61044 18.78883 18.98058 19.09237 19.16125 19.14861 19.10893 -9999 -9999 -9999 -9999
-9999 -9999 -9999 -9999 -9999 -9999 -9999 -9999 -9999 -9999 -9999 -9999 -9999 -9999 -9999 -9999 -9999 17.77157 17.71608 17.63213 17.54135 17.47609 17.39973 17.32962 17.26845 17.21342 17.16817 17.13602 17.10513 17.05273 17.02465 16.9605 16.91661 16.87895 16.82127 16.77168 16.73258 16.6967 16.66408 16.63139 16.60593 16.58664 16.60615 16.63306 16.68968 16.77798 16.90335 17.1337 17.32465 17.61987 17.90292 18.09385 18.34668 18.56255 18.73304 18.92975 19.05498 19.11884 19.08158 19.00145 -9999 -9999 -9999 -9999
-9999 -9999 -9999 -9999 -9999 -9999 -9999 -9999 -9999 -9999 -9999 -9999 -9999 -9999 -9999 -9999 -9999 17.82448 17.78528 17.70366 17.62497 17.57026 17.48848 17.42503 17.36817 17.3108 17.27984 17.247 17.19989 17.16106 17.10451 17.04645 17.01525 16.96621 16.91518 16.87203 16.827 16.80004 16.78309 16.75139 16.73564 16.71337 16.72554 16.75191 16.80087 16.87178 16.96328 17.15933 17.3629 17.59234 17.86825 18.06719 18.2841 18.505 18.68822 18.87489 19.00831 19.07558 19.0219 18.91784 18.85833 -9999 -9999 -9999
