Coarse-scale-data/Bio-ORACLE-projtemp/temp_mean_2100_6.0.asc
ncols         64
nrows         68
xllcorner     -552526.67139316
yllcorner     3561544.368174
cellsize      17237.140329928
NODATA_value  -9999
[rows 33 to 65 of 68, columns 0 to 63 of 64]
-9999 -9999 -9999 -9999 -9999 -9999 -9999 -9999 16.69548 16.65118 16.5764 16.47995 16.39642 16.31786 16.23956 16.175 16.09013 16.01134 15.93646 15.83285 15.76278 15.68656 15.61929 15.56957 15.5327 15.51105 15.49016 15.41664 15.32133 15.20387 15.06428 14.99815 14.96915 -9999 -9999 -9999 -9999 -9999 -9999 -9999 -9999 -9999 -9999 -9999 -9999 -9999 -9999 -9999 -9999 -9999 -9999 -9999 -9999 -9999 -9999 -9999 -9999 -9999 -9999 -9999 -9999 -9999 -9999 -9999
-9999 -9999 -9999 -9999 -9999 -9999 -9999 -9999 -9999 -9999 16.67699 16.58236 16.48444 16.40577 16.32953 16.26409 16.19321 16.11138 16.02492 15.93734 15.85665 15.78515 15.72596 15.66413 15.63557 15.62424 15.6232 15.595 15.53258 15.40413 15.26324 15.12907 15.02296 -9999 -9999 -9999 -9999 -9999 -9999 -9999 -9999 -9999 -9999 -9999 -9999 -9999 -9999 -9999 -9999 -9999 -9999 -9999 -9999 -9999 -9999 -9999 -9999 -9999 -9999 -9999 -9999 -9999 -9999 -9999
-9999 -9999 -9999 -9999 -9999 -9999 -9999 -9999 -9999 -9999 16.75667 16.65564 16.56931 16.486 16.40714 16.35747 16.284 16.19137 16.12478 16.0394 15.95522 15.88983 15.83513 15.78128 15.74435 15.73113 15.74567 15.76794 15.73441 15.64792 15.51191 15.30271 15.13848 15.0772 -9999 -9999 -9999 -9999 -9999 -9999 -9999 -9999 -9999 -9999 -9999 -9999 -9999 -9999 -9999 -9999 -9999 -9999 -9999 -9999 -9999 -9999 -9999 -9999 -9999 -9999 -9999 -9999 -9999 -9999
-9999 -9999 -9999 -9999 -9999 -9999 -9999 -9999 -9999 -9999 16.8525 16.75326 16.66319 16.57158 16.49033 16.43496 16.34658 16.26009 16.18027 16.0952 16.03802 15.9574 15.92123 15.87585 15.83167 15.81813 15.83358 15.87318 15.87158 15.84432 15.69293 15.51904 15.32017 15.18309 15.15254 15.17013 -9999 -9999 -9999 -9999 -9999 -9999 -9999 -9999 -9999 -9999 -9999 -9999 -9999 -9999 -9999 -9999 -9999 -9999 -9999 -9999 -9999 -9999 -9999 -9999 -9999 -9999 -9999 -9999
-9999 -9999 -9999 -9999 -9999 -9999 -9999 -9999 -9999 -9999 16.95026 16.86979 16.77768 16.68816 16.60633 16.5164 16.43674 16.35753 16.27154 16.19003 16.12681 16.05758 16.01265 15.96141 15.91842 15.90696 15.91354 15.9425 15.95072 15.89834 15.80634 15.63933 15.43279 15.29053 15.19976 15.19931 15.19212 -9999 -9999 -9999 -9999 -9999 -9999 -9999 -9999 -9999 -9999 -9999 -9999 -9999 -9999 -9999 -9999 -9999 -9999 -9999 -9999 -9999 -9999 -9999 -9999 -9999 -9999 -9999
-9999 -9999 -9999 -9999 -9999 -9999 -9999 -9999 -9999 -9999 17.00886 16.957 16.88356 16.77883 16.68689 16.60932 16.52151 16.43522 16.35806 16.28788 16.2307 16.1728 16.11357 16.06365 16.02801 16.01355 16.01463 16.03369 16.04664 16.01998 15.95441 15.79657 15.55575 15.36945 15.24226 15.25835 -9999 -9999 -9999 -9999 -9999 -9999 -9999 -9999 -9999 -9999 -9999 -9999 -9999 -9999 -9999 -9999 -9999 -9999 -9999 -9999 -9999 -9999 -9999 -9999 -9999 -9999 -9999 -9999
-9999 -9999 -9999 -9999 -9999 -9999 -9999 -9999 -9999 -9999 17.03885 17.02076 16.94949 16.85353 16.75363 16.66571 16.57098 16.50152 16.42124 16.35018 16.31408 16.24406 16.20261 16.15994 16.12745 16.12079 16.10965 16.13425 16.1344 16.13606 16.07588 15.91701 15.69801 15.46963 15.32038 15.3099 -9999 -9999 -9999 -9999 -9999 -9999 -9999 -9999 -9999 -9999 -9999 -9999 -9999 -9999 -9999 -9999 -9999 -9999 -9999 -9999 -9999 -9999 -9999 -9999 -9999 -9999 -9999 -9999
-9999 -9999 -9999 -9999 -9999 -9999 -9999 -9999 -9999 -9999 -9999 17.11458 17.01737 16.92698 16.82845 16.74604 16.66106 16.57804 16.50074 16.42498 16.3875 16.32136 16.28766 16.23125 16.18859 16.19082 16.17717 16.1932 16.20342 16.20231 16.1509 16.02855 15.81612 15.60441 15.40537 15.35749 15.41386 -9999 -9999 -9999 -9999 -9999 -9999 -9999 -9999 -9999 -9999 -9999 -9999 -9999 -9999 -9999 -9999 -9999 -9999 -9999 -9999 -9999 -9999 -9999 -9999 -9999 -9999 -9999
-9999 -9999 -9999 -9999 -9999 -9999 -9999 -9999 -9999 -9999 -9999 17.17134 17.10274 17.00564 16.91661 16.8303 16.74354 16.6666 16.59397 16.5197 16.47978 16.44037 16.39248 16.32032 16.26467 16.27712 16.26755 16.28892 16.29722 16.29949 16.24553 16.14558 15.94995 15.76311 15.53517 15.45248 15.46463 -9999 -9999 -9999 -9999 -9999 -9999 -9999 -9999 -9999 -9999 -9999 -9999 -9999 -9999 -9999 -9999 -9999 -9999 -9999 -9999 -9999 -9999 -9999 -9999 -9999 -9999 -9999
-9999 -9999 -9999 -9999 -9999 -9999 -9999 -9999 -9999 -9999 -9999 -9999 17.14994 17.05944 16.97794 16.88419 16.80167 16.74137 16.66658 16.6014 16.56989 16.53603 16.49052 16.4271 16.35322 16.35521 16.35877 16.3786 16.3854 16.37737 16.3316 16.26342 16.11645 15.96719 15.75824 15.62395 15.55445 -9999 -9999 -9999 -9999 -9999 -9999 -9999 -9999 -9999 -9999 -9999 -9999 -9999 -9999 -9999 -9999 -9999 -9999 -9999 -9999 -9999 -9999 -9999 -9999 -9999 -9999 -9999
-9999 -9999 -9999 -9999 -9999 -9999 -9999 -9999 -9999 -9999 -9999 -9999 17.18617 17.10989 17.02717 16.94781 16.86648 16.80377 16.73292 16.6791 16.64774 16.60539 16.56527 16.5071 16.45466 16.44984 16.42203 16.42673 16.42456 16.41126 16.38098 16.33862 16.25372 16.14159 15.96033 15.80835 15.67966 15.62325 -9999 -9999 -9999 -9999 -9999 -9999 -9999 -9999 -9999 -9999 -9999 -9999 -9999 -9999 -9999 -9999 -9999 -9999 -9999 -9999 -9999 -9999 -9999 -9999 -9999 -9999
-9999 -9999 -9999 -9999 -9999 -9999 -9999 -9999 -9999 -9999 -9999 -9999 17.23558 17.16765 17.09594 17.01853 16.93667 16.87062 16.81118 16.76021 16.7249 16.69345 16.64748 16.59941 16.56674 16.52992 16.49384 16.48039 16.45909 16.44279 16.42229 16.3949 16.34474 16.25503 16.10751 15.96744 15.80575 15.70931 15.74412 -9999 -9999 -9999 -9999 -9999 -9999 -9999 -9999 -9999 -9999 -9999 -9999 -9999 -9999 -9999 -9999 -9999 -9999 -9999 -9999 -9999 -9999 -9999 -9999 -9999
-9999 -9999 -9999 -9999 -9999 -9999 -9999 -9999 -9999 -9999 -9999 -9999 17.28768 17.22292 17.15895 17.07128 16.995 16.93294 16.87031 16.82782 16.80216 16.77121 16.7299 16.6762 16.63529 16.59731 16.56141 16.52921 16.50606 16.48648 16.46919 16.45092 16.41994 16.37881 16.3022 16.16833 16.01957 15.84979 15.76189 15.76811 -9999 -9999 -9999 -9999 -9999 -9999 -9999 -9999 -9999 -9999 -9999 -9999 -9999 -9999 -9999 -9999 -9999 -9999 -9999 -9999 -9999 -9999 -9999 -9999
-9999 -9999 -9999 -9999 -9999 -9999 -9999 -9999 -9999 -9999 -9999 -9999 17.32285 17.28324 17.21783 17.13122 17.04611 16.97914 16.90887 16.87706 16.84027 16.81334 16.77845 16.71925 16.68634 16.65136 16.60813 16.58233 16.55508 16.52625 16.50944 16.48744 16.47682 16.46227 16.4201 16.34754 16.22125 16.04033 15.91795 15.85137 15.81295 -9999 -9999 -9999 -9999 -9999 -9999 -9999 -9999 -9999 -9999 -9999 -9999 -9999 -9999 -9999 -9999 -9999 -9999 -9999 -9999 -9999 -9999 -9999
-9999 -9999 -9999 -9999 -9999 -9999 -9999 -9999 -9999 -9999 -9999 -9999 -9999 17.35376 17.29221 17.21234 17.11811 17.04064 16.96617 16.93379 16.90701 16.88547 16.833 16.78529 16.7366 16.7019 16.67037 16.64357 16.61899 16.58049 16.5533 16.52816 16.52658 16.52307 16.50179 16.45593 16.32438 16.18298 16.05501 15.90353 15.86534 15.86281 -9999 -9999 -9999 -9999 -9999 -9999 -9999 -9999 -9999 -9999 -9999 -9999 -9999 -9999 -9999 -9999 -9999 -9999 -9999 -9999 -9999 -9999
-9999 -9999 -9999 -9999 -9999 -9999 -9999 -9999 -9999 -9999 -9999 -9999 -9999 17.42446 17.36765 17.28642 17.2131 17.13062 17.03373 16.99407 16.97991 16.95257 16.90829 16.85592 16.79424 16.7661 16.74181 16.7133 16.70883 16.67024 16.61879 16.59541 16.60383 16.62232 16.62761 16.57911 16.48175 16.34901 16.16892 16.009 15.88203 15.79804 -9999 -9999 -9999 -9999 -9999 -9999 -9999 -9999 -9999 -9999 -9999 -9999 -9999 -9999 -9999 -9999 -9999 -9999 -9999 -9999 -9999 -9999
-9999 -9999 -9999 -9999 -9999 -9999 -9999 -9999 -9999 -9999 -9999 -9999 -9999 17.47865 17.42586 17.34934 17.27996 17.19513 17.11506 17.08588 17.03397 17.01639 16.97392 16.91665 16.86776 16.83836 16.80507 16.7852 16.78041 16.74859 16.70461 16.69172 16.68565 16.69067 16.69273 16.67327 16.61323 16.48475 16.29834 16.07564 15.91057 15.80803 -9999 -9999 -9999 -9999 -9999 -9999 -9999 -9999 -9999 -9999 -9999 -9999 -9999 -9999 -9999 -9999 -9999 -9999 -9999 -9999 -9999 -9999
-9999 -9999 -9999 -9999 -9999 -9999 -9999 -9999 -9999 -9999 -9999 -9999 -9999 17.52716 17.49831 17.4391 17.36839 17.28752 17.21845 17.17609 17.12442 17.10604 17.04992 16.99802 16.96283 16.92066 16.88453 16.84911 16.82375 16.79557 16.78398 16.74713 16.73623 16.73412 16.73622 16.72893 16.67718 16.56258 16.37149 16.16086 15.98672 15.87845 -9999 -9999 -9999 -9999 -9999 -9999 -9999 -9999 -9999 -9999 -9999 -9999 -9999 -9999 -9999 -9999 -9999 -9999 -9999 -9999 -9999 -9999
-9999 -9999 -9999 -9999 -9999 -9999 -9999 -9999 -9999 -9999 -9999 -9999 -9999 -9999 17.57954 17.53791 17.47202 17.39316 17.32336 17.28527 17.26018 17.21798 17.16477 17.11626 17.07164 17.03098 16.99258 16.93926 16.91063 16.89685 16.86442 16.83121 16.81486 16.80751 16.80343 16.78501 16.74142 16.63921 16.44912 16.25843 16.07478 16.0052 -9999 -9999 -9999 -9999 -9999 -9999 -9999 -9999 -9999 -9999 -9999 -9999 -9999 -9999 -9999 -9999 -9999 -9999 -9999 -9999 -9999 -9999
-9999 -9999 -9999 -9999 -9999 -9999 -9999 -9999 -9999 -9999 -9999 -9999 -9999 -9999 17.6412 17.59344 17.53815 17.46569 17.41055 17.39052 17.35074 17.32011 17.27986 17.22936 17.18069 17.14476 17.08702 17.0489 17.02508 16.9862 16.95216 16.91773 16.89108 16.8826 16.86282 16.84441 16.8029 16.71355 16.56219 16.35231 16.18907 16.15562 -9999 -9999 -9999 -9999 -9999 -9999 -9999 -9999 -9999 -9999 -9999 -9999 -9999 -9999 -9999 -9999 -9999 -9999 -9999 -9999 -9999 -9999
-9999 -9999 -9999 -9999 -9999 -9999 -9999 -9999 -9999 -9999 -9999 -9999 -9999 -9999 17.75131 17.70304 17.63767 17.57231 17.51434 17.4908 17.44756 17.42431 17.38177 17.32788 17.28301 17.21563 17.18435 17.14683 17.09037 17.05243 17.01121 16.97787 16.95875 16.92889 16.90568 16.88717 16.85169 16.78695 16.67326 16.47187 16.33148 16.29659 16.46908 16.70738 17.17142 17.44717 17.7373 17.93731 -9999 -9999 -9999 -9999 -9999 -9999 -9999 -9999 -9999 -9999 -9999 -9999 -9999 -9999 -9999 -9999
-9999 -9999 -9999 -9999 -9999 -9999 -9999 -9999 -9999 -9999 -9999 -9999 -9999 -9999 17.83529 17.81412 17.76401 17.70057 17.63062 17.60338 17.57596 17.54346 17.50911 17.45352 17.38555 17.3209 17.29316 17.24283 17.21533 17.16025 17.10332 17.07395 17.04571 17.0054 16.97736 16.94633 16.91538 16.86716 16.77139 16.61764 16.47463 16.42236 16.55471 16.77588 17.13424 17.47087 17.76274 18.0043 18.18179 -9999 -9999 -9999 -9999 -9999 -9999 -9999 -9999 -9999 -9999 -9999 -9999 -9999 -9999 -9999
-9999 -9999 -9999 -9999 -9999 -9999 -9999 -9999 -9999 -9999 -9999 -9999 -9999 -9999 -9999 17.91229 17.87517 17.80893 17.74697 17.71613 17.67787 17.64332 17.61003 17.55031 17.48138 17.43617 17.3811 17.35417 17.32755 17.26956 17.21955 17.18019 17.14094 17.10946 17.06722 17.02829 16.99162 16.94686 16.87388 16.76168 16.63366 16.54882 16.64632 16.79668 17.1174 17.52064 17.85947 18.09928 18.31498 18.5602 18.76515 18.94271 19.01932 -9999 -9999 -9999 -9999 -9999 -9999 -9999 -9999 -9999 -9999 -9999
-9999 -9999 -9999 -9999 -9999 -9999 -9999 -9999 -9999 -9999 -9999 -9999 -9999 -9999 -9999 18.04172 17.99234 17.93082 17.87212 17.82368 17.76928 17.72564 17.67253 17.60625 17.56961 17.48371 17.45449 17.42179 17.38836 17.34919 17.30091 17.25732 17.22406 17.19101 17.14385 17.09969 17.05004 17.01111 16.97099 16.88638 16.80453 16.73033 16.7644 16.9666 17.29644 17.62949 18.0304 18.32648 18.58656 18.75721 18.9447 19.08667 19.15082 19.18317 -9999 -9999 -9999 -9999 -9999 -9999 -9999 -9999 -9999 -9999
-9999 -9999 -9999 -9999 -9999 -9999 -9999 -9999 -9999 -9999 -9999 -9999 -9999 -9999 -9999 18.17649 18.12839 18.06845 18.00258 17.94763 17.89584 17.82678 17.75262 17.70755 17.65685 17.59375 17.54816 17.50267 17.46913 17.43959 17.38972 17.34181 17.30822 17.26988 17.21655 17.16024 17.10303 17.06537 17.03117 16.97505 16.91917 16.86374 16.88858 17.09297 17.3463 17.6814 17.99346 18.34718 18.60258 18.82823 19.07832 19.19678 19.26673 19.38713 19.48944 -9999 -9999 -9999 -9999 -9999 -9999 -9999 -9999 -9999
-9999 -9999 -9999 -9999 -9999 -9999 -9999 -9999 -9999 -9999 -9999 -9999 -9999 -9999 -9999 18.25002 18.24415 18.17914 18.11725 18.06757 18.00346 17.94101 17.88195 17.80431 17.74952 17.69465 17.63675 17.60317 17.57488 17.53532 17.48952 17.43631 17.39912 17.36823 17.29968 17.23859 17.17794 17.12622 17.09941 17.06514 17.03102 17.00991 17.06109 17.15459 17.32804 17.6466 17.97482 18.26584 18.57501 18.83925 19.11627 19.28669 19.37985 19.4603 19.54558 19.63545 19.78498 -9999 -9999 -9999 -9999 -9999 -9999 -9999
-9999 -9999 -9999 -9999 -9999 -9999 -9999 -9999 -9999 -9999 -9999 -9999 -9999 -9999 -9999 -9999 18.32843 18.26863 18.21197 18.1362 18.07332 18.02571 17.96091 17.88021 17.82681 17.76197 17.72206 17.68812 17.65311 17.61372 17.56745 17.52113 17.4849 17.4433 17.37531 17.3154 17.24178 17.18932 17.16492 17.13902 17.12307 17.11626 17.15836 17.21594 17.34272 17.54398 17.76274 18.05802 18.38955 18.76351 19.07784 19.29055 19.46163 19.56905 19.65857 19.74541 19.84196 19.94696 -9999 -9999 -9999 -9999 -9999 -9999
-9999 -9999 -9999 -9999 -9999 -9999 -9999 -9999 -9999 -9999 -9999 -9999 -9999 -9999 -9999 -9999 18.41599 18.36622 18.30255 18.24465 18.17721 18.10799 18.05138 17.96104 17.90386 17.8505 17.81387 17.77458 17.73675 17.69633 17.64826 17.6136 17.57012 17.50356 17.44526 17.37808 17.30511 17.25797 17.2133 17.18646 17.17677 17.17345 17.20217 17.27056 17.35719 17.4778 17.68158 17.9698 18.263 18.68897 19.01552 19.24585 19.47436 19.61258 19.72585 19.82747 19.91418 19.98429 20.02254 -9999 -9999 -9999 -9999 -9999
-9999 -9999 -9999 -9999 -9999 -9999 -9999 -9999 -9999 -9999 -9999 -9999 -9999 -9999 -9999 -9999 18.49446 18.43934 18.38636 18.33841 18.26799 18.20863 18.14113 18.05495 17.99841 17.9535 17.9101 17.88244 17.8455 17.80379 17.76848 17.727 17.67299 17.61743 17.54446 17.4805 17.41809 17.3565 17.31368 17.27649 17.25678 17.25638 17.28386 17.32318 17.3985 17.48906 17.66201 17.93344 18.23212 18.60933 18.93554 19.20663 19.42836 19.60252 19.75376 19.86642 19.96189 20.03027 20.05884 20.06325 -9999 -9999 -9999 -9999
-9999 -9999 -9999 -9999 -9999 -9999 -9999 -9999 -9999 -9999 -9999 -9999 -9999 -9999 -9999 -9999 18.54356 18.49845 18.46709 18.40502 18.32368 18.28108 18.21183 18.12809 18.08531 18.03101 17.99277 17.97708 17.93723 17.90767 17.88069 17.81954 17.77768 17.7239 17.65023 17.59857 17.52888 17.47065 17.4326 17.38348 17.36155 17.36076 17.38329 17.41578 17.47513 17.57085 17.71153 17.95943 18.25792 18.55891 18.88668 19.14352 19.36007 19.56579 19.73361 19.86784 19.9829 20.07064 20.09079 20.06896 -9999 -9999 -9999 -9999
-9999 -9999 -9999 -9999 -9999 -9999 -9999 -9999 -9999 -9999 -9999 -9999 -9999 -9999 -9999 -9999 18.62008 18.60907 18.5486 18.48975 18.41844 18.35631 18.29993 18.23034 18.17742 18.1209 18.08146 18.05925 18.02148 17.99162 17.9446 17.8858 17.84737 17.78258 17.71632 17.65701 17.59099 17.55305 17.51324 17.46454 17.44701 17.4332 17.45644 17.49195 17.54596 17.65483 17.79483 18.0393 18.26387 18.56964 18.87415 19.07317 19.32106 19.52647 19.68734 19.85708 19.98246 20.07131 20.07014 20.0344 -9999 -9999 -9999 -9999
-9999 -9999 -9999 -9999 -9999 -9999 -9999 -9999 -9999 -9999 -9999 -9999 -9999 -9999 -9999 -9999 -9999 18.67946 18.64808 18.58691 18.51855 18.46966 18.41363 18.35361 18.29519 18.24511 18.20378 18.18 18.15394 18.10152 18.06402 17.99329 17.94443 17.89462 17.82484 17.76522 17.71645 17.67343 17.64028 17.60042 17.56414 17.54337 17.5654 17.59408 17.65493 17.74006 17.86259 18.09735 18.28304 18.58254 18.86382 19.04843 19.29773 19.49543 19.65682 19.84647 19.96686 20.04121 20.01592 19.93652 -9999 -9999 -9999 -9999
-9999 -9999 -9999 -9999 -9999 -9999 -9999 -9999 -9999 -9999 -9999 -9999 -9999 -9999 -9999 -9999 -9999 18.73329 18.7185 18.65536 18.60101 18.56486 18.50519 18.451 18.39916 18.34683 18.31944 18.29596 18.26105 18.21916 18.15231 18.09271 18.0513 17.99406 17.93727 17.88164 17.83322 17.80303 17.77875 17.74302 17.71868 17.69776 17.70629 17.73129 17.7871 17.85856 17.94569 18.14228 18.34439 18.58073 18.85353 19.04737 19.25525 19.462 19.63409 19.8198 19.94217 20.01344 19.9596 19.85053 19.78946 -9999 -9999 -9999
