Coarse-scale-data/Bio-ORACLE-projtemp/temp_mean_2100_8.5.asc
ncols         64
nrows         68
xllcorner     -552526.67139316
yllcorner     3561544.368174
cellsize      17237.140329928
NODATA_value  -9999
[rows 33 to 65 of 68, columns 0 to 63 of 64]
-9999 -9999 -9999 -9999 -9999 -9999 -9999 -9999 17.88087 17.83454 17.72619 17.6136 17.49615 17.40139 17.31136 17.21439 17.10608 16.98817 16.89194 16.77142 16.68149 16.59624 16.52398 16.47104 16.41273 16.39199 16.37439 16.30681 16.21934 16.10815 15.97391 15.91199 15.88647 -9999 -9999 -9999 -9999 -9999 -9999 -9999 -9999 -9999 -9999 -9999 -9999 -9999 -9999 -9999 -9999 -9999 -9999 -9999 -9999 -9999 -9999 -9999 -9999 -9999 -9999 -9999 -9999 -9999 -9999 -9999
-9999 -9999 -9999 -9999 -9999 -9999 -9999 -9999 -9999 -9999 17.83824 17.72026 17.59391 17.49204 17.39816 17.30549 17.20998 17.08074 16.95819 16.85842 16.76795 16.69212 16.62029 16.55742 16.49642 16.4862 16.49533 16.47702 16.4201 16.29867 16.16346 16.0346 15.93583 -9999 -9999 -9999 -9999 -9999 -9999 -9999 -9999 -9999 -9999 -9999 -9999 -9999 -9999 -9999 -9999 -9999 -9999 -9999 -9999 -9999 -9999 -9999 -9999 -9999 -9999 -9999 -9999 -9999 -9999 -9999
-9999 -9999 -9999 -9999 -9999 -9999 -9999 -9999 -9999 -9999 17.92082 17.79667 17.68681 17.57849 17.47747 17.40204 17.29913 17.16951 17.07219 16.95442 16.87006 16.79875 16.71444 16.65238 16.59311 16.58644 16.61548 16.64526 16.61608 16.53424 16.40415 16.20084 16.04484 16.00309 -9999 -9999 -9999 -9999 -9999 -9999 -9999 -9999 -9999 -9999 -9999 -9999 -9999 -9999 -9999 -9999 -9999 -9999 -9999 -9999 -9999 -9999 -9999 -9999 -9999 -9999 -9999 -9999 -9999 -9999
-9999 -9999 -9999 -9999 -9999 -9999 -9999 -9999 -9999 -9999 18.01669 17.89792 17.78491 17.66929 17.56596 17.47307 17.36587 17.2407 17.13465 17.02374 16.95557 16.86838 16.79564 16.7376 16.68144 16.67666 16.70649 16.74551 16.74671 16.72428 16.57773 16.40813 16.21721 16.10645 16.09847 16.11131 -9999 -9999 -9999 -9999 -9999 -9999 -9999 -9999 -9999 -9999 -9999 -9999 -9999 -9999 -9999 -9999 -9999 -9999 -9999 -9999 -9999 -9999 -9999 -9999 -9999 -9999 -9999 -9999
-9999 -9999 -9999 -9999 -9999 -9999 -9999 -9999 -9999 -9999 18.12092 18.02326 17.90829 17.80002 17.67785 17.55731 17.4598 17.34941 17.24125 17.13743 17.05033 16.96562 16.89548 16.82693 16.776 16.76815 16.78115 16.80838 16.82012 16.77427 16.68631 16.52141 16.32382 16.19856 16.12238 16.12768 16.1125 -9999 -9999 -9999 -9999 -9999 -9999 -9999 -9999 -9999 -9999 -9999 -9999 -9999 -9999 -9999 -9999 -9999 -9999 -9999 -9999 -9999 -9999 -9999 -9999 -9999 -9999 -9999
-9999 -9999 -9999 -9999 -9999 -9999 -9999 -9999 -9999 -9999 18.19016 18.12224 18.02762 17.90407 17.76955 17.666 17.55125 17.44917 17.34332 17.23924 17.1594 17.0871 17.00367 16.93622 16.88651 16.87247 16.86976 16.89935 16.90838 16.88313 16.81405 16.66051 16.42985 16.25476 16.1445 16.16565 -9999 -9999 -9999 -9999 -9999 -9999 -9999 -9999 -9999 -9999 -9999 -9999 -9999 -9999 -9999 -9999 -9999 -9999 -9999 -9999 -9999 -9999 -9999 -9999 -9999 -9999 -9999 -9999
-9999 -9999 -9999 -9999 -9999 -9999 -9999 -9999 -9999 -9999 18.2324 18.19196 18.10328 17.99125 17.86317 17.73858 17.61459 17.52007 17.42516 17.32062 17.25052 17.16564 17.09675 17.03579 16.97716 16.96494 16.95341 16.97307 16.97461 16.97518 16.91788 16.76507 16.55734 16.33251 16.19395 16.18675 -9999 -9999 -9999 -9999 -9999 -9999 -9999 -9999 -9999 -9999 -9999 -9999 -9999 -9999 -9999 -9999 -9999 -9999 -9999 -9999 -9999 -9999 -9999 -9999 -9999 -9999 -9999 -9999
-9999 -9999 -9999 -9999 -9999 -9999 -9999 -9999 -9999 -9999 -9999 18.28568 18.16212 18.05867 17.93689 17.82306 17.70819 17.59632 17.50699 17.41753 17.33459 17.24412 17.1813 17.10049 17.03088 17.01981 16.99796 17.01683 17.02011 17.00969 16.96505 16.85387 16.65621 16.45731 16.2645 16.22028 16.27727 -9999 -9999 -9999 -9999 -9999 -9999 -9999 -9999 -9999 -9999 -9999 -9999 -9999 -9999 -9999 -9999 -9999 -9999 -9999 -9999 -9999 -9999 -9999 -9999 -9999 -9999 -9999
-9999 -9999 -9999 -9999 -9999 -9999 -9999 -9999 -9999 -9999 -9999 18.36408 18.26647 18.13408 18.02737 17.91497 17.79541 17.69437 17.60075 17.52438 17.44317 17.36309 17.27988 17.17778 17.10384 17.09835 17.08264 17.09839 17.08568 17.07427 17.03416 16.96035 16.78452 16.61158 16.39441 16.31726 16.32638 -9999 -9999 -9999 -9999 -9999 -9999 -9999 -9999 -9999 -9999 -9999 -9999 -9999 -9999 -9999 -9999 -9999 -9999 -9999 -9999 -9999 -9999 -9999 -9999 -9999 -9999 -9999
-9999 -9999 -9999 -9999 -9999 -9999 -9999 -9999 -9999 -9999 -9999 -9999 18.32236 18.19706 18.0906 17.97529 17.85578 17.77626 17.67386 17.60476 17.54018 17.45716 17.37535 17.28437 17.19231 17.18441 17.17932 17.16817 17.15291 17.13063 17.10577 17.07113 16.94926 16.8126 16.61724 16.48641 16.41364 -9999 -9999 -9999 -9999 -9999 -9999 -9999 -9999 -9999 -9999 -9999 -9999 -9999 -9999 -9999 -9999 -9999 -9999 -9999 -9999 -9999 -9999 -9999 -9999 -9999 -9999 -9999
-9999 -9999 -9999 -9999 -9999 -9999 -9999 -9999 -9999 -9999 -9999 -9999 18.36453 18.25699 18.13896 18.04274 17.92606 17.83718 17.73913 17.6668 17.60244 17.52328 17.45 17.36238 17.29586 17.28252 17.23793 17.21785 17.1991 17.17529 17.16023 17.14748 17.08057 16.9817 16.81101 16.66098 16.53222 16.46626 -9999 -9999 -9999 -9999 -9999 -9999 -9999 -9999 -9999 -9999 -9999 -9999 -9999 -9999 -9999 -9999 -9999 -9999 -9999 -9999 -9999 -9999 -9999 -9999 -9999 -9999
-9999 -9999 -9999 -9999 -9999 -9999 -9999 -9999 -9999 -9999 -9999 -9999 18.41992 18.32139 18.2161 18.11849 18.00676 17.91104 17.81872 17.73964 17.67734 17.61053 17.52941 17.45782 17.40287 17.36016 17.31336 17.28001 17.24197 17.22086 17.20982 17.20452 17.16471 17.08397 16.94712 16.81008 16.64521 16.54515 16.57775 -9999 -9999 -9999 -9999 -9999 -9999 -9999 -9999 -9999 -9999 -9999 -9999 -9999 -9999 -9999 -9999 -9999 -9999 -9999 -9999 -9999 -9999 -9999 -9999 -9999
-9999 -9999 -9999 -9999 -9999 -9999 -9999 -9999 -9999 -9999 -9999 -9999 18.48962 18.39491 18.28906 18.17989 18.0725 17.99006 17.88406 17.80995 17.75437 17.68413 17.60684 17.51913 17.45542 17.41369 17.37178 17.32782 17.28253 17.259 17.25091 17.24428 17.22659 17.19507 17.13012 16.9973 16.84871 16.67398 16.58714 16.60195 -9999 -9999 -9999 -9999 -9999 -9999 -9999 -9999 -9999 -9999 -9999 -9999 -9999 -9999 -9999 -9999 -9999 -9999 -9999 -9999 -9999 -9999 -9999 -9999
-9999 -9999 -9999 -9999 -9999 -9999 -9999 -9999 -9999 -9999 -9999 -9999 18.51153 18.45336 18.34685 18.24557 18.12379 18.04203 17.94867 17.86946 17.79592 17.72015 17.64882 17.56323 17.50066 17.45634 17.40308 17.36615 17.31755 17.28319 17.27721 17.26176 17.26447 17.26749 17.23004 17.1603 17.03679 16.86036 16.7416 16.68484 16.64763 -9999 -9999 -9999 -9999 -9999 -9999 -9999 -9999 -9999 -9999 -9999 -9999 -9999 -9999 -9999 -9999 -9999 -9999 -9999 -9999 -9999 -9999 -9999
-9999 -9999 -9999 -9999 -9999 -9999 -9999 -9999 -9999 -9999 -9999 -9999 -9999 18.51679 18.42203 18.32496 18.19156 18.09687 18.01639 17.93766 17.86637 17.7784 17.68161 17.59775 17.54288 17.49998 17.4528 17.41257 17.3668 17.32296 17.31134 17.301 17.30816 17.31612 17.29756 17.26111 17.1353 17.00061 16.87805 16.73631 16.69522 16.69147 -9999 -9999 -9999 -9999 -9999 -9999 -9999 -9999 -9999 -9999 -9999 -9999 -9999 -9999 -9999 -9999 -9999 -9999 -9999 -9999 -9999 -9999
-9999 -9999 -9999 -9999 -9999 -9999 -9999 -9999 -9999 -9999 -9999 -9999 -9999 18.5953 18.5051 18.40084 18.28604 18.18919 18.0879 18.01649 17.93655 17.84532 17.75686 17.65969 17.59747 17.5613 17.51545 17.47079 17.44163 17.3981 17.36817 17.36388 17.38579 17.41428 17.4273 17.38048 17.28072 17.15422 16.99207 16.8408 16.71868 16.62768 -9999 -9999 -9999 -9999 -9999 -9999 -9999 -9999 -9999 -9999 -9999 -9999 -9999 -9999 -9999 -9999 -9999 -9999 -9999 -9999 -9999 -9999
-9999 -9999 -9999 -9999 -9999 -9999 -9999 -9999 -9999 -9999 -9999 -9999 -9999 18.64758 18.56646 18.46357 18.3513 18.24141 18.14241 18.07533 17.9831 17.90522 17.82739 17.72761 17.67078 17.62942 17.57333 17.53577 17.50914 17.46867 17.44777 17.44677 17.46388 17.48387 17.49872 17.47434 17.41065 17.28705 17.12215 16.91622 16.7505 16.63956 -9999 -9999 -9999 -9999 -9999 -9999 -9999 -9999 -9999 -9999 -9999 -9999 -9999 -9999 -9999 -9999 -9999 -9999 -9999 -9999 -9999 -9999
-9999 -9999 -9999 -9999 -9999 -9999 -9999 -9999 -9999 -9999 -9999 -9999 -9999 18.67872 18.63755 18.55181 18.43359 18.33132 18.23122 18.14533 18.05879 17.994 17.90667 17.82307 17.76384 17.7083 17.65288 17.60596 17.55956 17.52954 17.52377 17.49948 17.50411 17.51657 17.52672 17.52041 17.46969 17.3622 17.18864 16.99125 16.82126 16.70828 -9999 -9999 -9999 -9999 -9999 -9999 -9999 -9999 -9999 -9999 -9999 -9999 -9999 -9999 -9999 -9999 -9999 -9999 -9999 -9999 -9999 -9999
-9999 -9999 -9999 -9999 -9999 -9999 -9999 -9999 -9999 -9999 -9999 -9999 -9999 -9999 18.70404 18.63138 18.53389 18.42378 18.31439 18.24756 18.17475 18.09566 18.01553 17.93329 17.86514 17.81337 17.76431 17.6981 17.65197 17.63269 17.60568 17.58233 17.5779 17.57607 17.57846 17.56829 17.52903 17.43608 17.26023 17.07765 16.89978 16.82913 -9999 -9999 -9999 -9999 -9999 -9999 -9999 -9999 -9999 -9999 -9999 -9999 -9999 -9999 -9999 -9999 -9999 -9999 -9999 -9999 -9999 -9999
-9999 -9999 -9999 -9999 -9999 -9999 -9999 -9999 -9999 -9999 -9999 -9999 -9999 -9999 18.78071 18.69319 18.60289 18.50757 18.39632 18.33485 18.25397 18.18374 18.11278 18.0239 17.96032 17.91467 17.85414 17.81088 17.75974 17.70939 17.68164 17.65937 17.64404 17.63661 17.62755 17.61615 17.57817 17.49782 17.36083 17.15865 17.00104 16.97159 -9999 -9999 -9999 -9999 -9999 -9999 -9999 -9999 -9999 -9999 -9999 -9999 -9999 -9999 -9999 -9999 -9999 -9999 -9999 -9999 -9999 -9999
-9999 -9999 -9999 -9999 -9999 -9999 -9999 -9999 -9999 -9999 -9999 -9999 -9999 -9999 18.89296 18.8018 18.68952 18.5921 18.50366 18.42894 18.34574 18.27307 18.19332 18.10748 18.04833 17.9768 17.92737 17.88318 17.81527 17.77299 17.7358 17.7085 17.69837 17.67569 17.65904 17.64835 17.61833 17.56292 17.46009 17.26791 17.13314 17.10724 17.2844 17.52944 17.9996 18.27819 18.57213 18.77736 -9999 -9999 -9999 -9999 -9999 -9999 -9999 -9999 -9999 -9999 -9999 -9999 -9999 -9999 -9999 -9999
-9999 -9999 -9999 -9999 -9999 -9999 -9999 -9999 -9999 -9999 -9999 -9999 -9999 -9999 18.96954 18.90609 18.81911 18.70732 18.61852 18.55279 18.47022 18.38175 18.29689 18.20317 18.13613 18.07748 18.03182 17.97545 17.93033 17.87816 17.82636 17.80264 17.78069 17.74479 17.72027 17.70093 17.67891 17.64228 17.5551 17.40986 17.27276 17.2314 17.36909 17.5986 17.96328 18.30415 18.59879 18.84527 19.02797 -9999 -9999 -9999 -9999 -9999 -9999 -9999 -9999 -9999 -9999 -9999 -9999 -9999 -9999 -9999
-9999 -9999 -9999 -9999 -9999 -9999 -9999 -9999 -9999 -9999 -9999 -9999 -9999 -9999 -9999 18.99355 18.93309 18.81244 18.72841 18.66347 18.56856 18.48242 18.39386 18.29442 18.23873 18.18428 18.11154 18.07909 18.04167 17.98592 17.93864 17.90503 17.87033 17.84247 17.80636 17.77872 17.75653 17.72287 17.65751 17.55143 17.42892 17.3567 17.46076 17.61868 17.94865 18.35804 18.69837 18.93861 19.15862 19.42011 19.64158 19.81013 19.88095 -9999 -9999 -9999 -9999 -9999 -9999 -9999 -9999 -9999 -9999 -9999
-9999 -9999 -9999 -9999 -9999 -9999 -9999 -9999 -9999 -9999 -9999 -9999 -9999 -9999 -9999 19.13076 19.04475 18.93921 18.83958 18.75386 18.65343 18.56467 18.46863 18.37832 18.32033 18.2315 18.18431 18.14607 18.10233 18.06281 18.01803 17.97913 17.94921 17.92372 17.88432 17.85224 17.81708 17.78619 17.75326 17.67455 17.59885 17.53737 17.57677 17.78342 18.12926 18.46615 18.87027 19.16367 19.4288 19.6178 19.81498 19.94798 20.00492 20.03623 -9999 -9999 -9999 -9999 -9999 -9999 -9999 -9999 -9999 -9999
-9999 -9999 -9999 -9999 -9999 -9999 -9999 -9999 -9999 -9999 -9999 -9999 -9999 -9999 -9999 19.25764 19.17948 19.07436 18.95807 18.87102 18.77514 18.66883 18.57406 18.48943 18.4134 18.34513 18.28427 18.22862 18.18573 18.14945 18.10431 18.06169 18.03244 18.0031 17.95927 17.91714 17.86945 17.83841 17.81225 17.76174 17.71432 17.66511 17.69398 17.90765 18.16647 18.50888 18.82996 19.18257 19.44533 19.67736 19.93862 20.05528 20.11815 20.23932 20.33777 -9999 -9999 -9999 -9999 -9999 -9999 -9999 -9999 -9999
-9999 -9999 -9999 -9999 -9999 -9999 -9999 -9999 -9999 -9999 -9999 -9999 -9999 -9999 -9999 19.31819 19.28666 19.16791 19.06836 18.97846 18.87251 18.78151 18.67118 18.56594 18.50898 18.44135 18.37332 18.32476 18.27732 18.23433 18.19655 18.1498 18.11814 18.09575 18.03862 17.98875 17.94149 17.89693 17.87702 17.8469 17.81912 17.80731 17.86676 17.95769 18.14943 18.47643 18.80087 19.08891 19.40556 19.68132 19.96246 20.13728 20.22913 20.31015 20.3958 20.48459 20.63565 -9999 -9999 -9999 -9999 -9999 -9999 -9999
-9999 -9999 -9999 -9999 -9999 -9999 -9999 -9999 -9999 -9999 -9999 -9999 -9999 -9999 -9999 -9999 19.35102 19.24362 19.15033 19.04068 18.93177 18.85373 18.73811 18.6436 18.5768 18.50158 18.44524 18.39693 18.34606 18.30549 18.26588 18.2256 18.19548 18.16031 18.10081 18.04838 17.99111 17.94785 17.92604 17.90757 17.90039 17.90066 17.94818 18.01513 18.15097 18.35303 18.57812 18.8763 19.2161 19.60285 19.91838 20.13873 20.31206 20.42287 20.51337 20.60204 20.69753 20.79259 -9999 -9999 -9999 -9999 -9999 -9999
-9999 -9999 -9999 -9999 -9999 -9999 -9999 -9999 -9999 -9999 -9999 -9999 -9999 -9999 -9999 -9999 19.41683 19.32892 19.23528 19.14778 19.02149 18.90835 18.81 18.71065 18.64627 18.58394 18.52884 18.47723 18.43127 18.3884 18.34113 18.31355 18.27764 18.21134 18.15953 18.1025 18.04031 18.00157 17.96173 17.93953 17.93951 17.9485 17.99029 18.06381 18.14935 18.27991 18.49056 18.78329 19.08845 19.51929 19.85444 20.0963 20.32857 20.46951 20.58821 20.6934 20.77287 20.83231 20.87262 -9999 -9999 -9999 -9999 -9999
-9999 -9999 -9999 -9999 -9999 -9999 -9999 -9999 -9999 -9999 -9999 -9999 -9999 -9999 -9999 -9999 19.47909 19.40646 19.33176 19.23646 19.11194 19.00822 18.8949 18.79706 18.74343 18.68086 18.62149 18.58386 18.54326 18.49723 18.45847 18.42191 18.37481 18.32182 18.25373 18.19818 18.14232 18.09095 18.05256 18.02378 18.01711 18.02514 18.06455 18.1062 18.17541 18.27425 18.4586 18.73826 19.04761 19.43326 19.77111 20.05539 20.28243 20.46036 20.62958 20.75709 20.83422 20.88334 20.89919 20.88431 -9999 -9999 -9999 -9999
-9999 -9999 -9999 -9999 -9999 -9999 -9999 -9999 -9999 -9999 -9999 -9999 -9999 -9999 -9999 -9999 19.52073 19.46794 19.40132 19.30665 19.16473 19.09123 18.97612 18.87861 18.82747 18.75533 18.70104 18.67505 18.63328 18.5992 18.56927 18.5043 18.46519 18.42337 18.35466 18.30692 18.24201 18.19039 18.16379 18.12817 18.11187 18.11807 18.14518 18.18565 18.24376 18.34279 18.4961 18.75603 19.06197 19.37501 19.71869 19.97873 20.20362 20.41909 20.61277 20.77346 20.86123 20.91859 20.9194 20.88888 -9999 -9999 -9999 -9999
-9999 -9999 -9999 -9999 -9999 -9999 -9999 -9999 -9999 -9999 -9999 -9999 -9999 -9999 -9999 -9999 19.62167 19.57478 19.46205 19.38767 19.26034 19.17127 19.07858 18.9841 18.91458 18.84343 18.78686 18.75101 18.70802 18.67466 18.62807 18.5685 18.53422 18.47841 18.41507 18.35868 18.29762 18.26854 18.238 18.19698 18.19088 18.1836 18.20794 18.25026 18.30985 18.42192 18.57279 18.82578 19.05639 19.37548 19.69469 19.89268 20.1448 20.36645 20.54397 20.73625 20.84403 20.90426 20.88511 20.84515 -9999 -9999 -9999 -9999
-9999 -9999 -9999 -9999 -9999 -9999 -9999 -9999 -9999 -9999 -9999 -9999 -9999 -9999 -9999 -9999 -9999 19.65695 19.58136 19.48098 19.37792 19.29829 19.19964 19.1111 19.03602 18.96845 18.90996 18.86908 18.8347 18.7736 18.73939 18.67035 18.62708 18.58206 18.5134 18.45848 18.41712 18.38091 18.35244 18.31984 18.30252 18.28738 18.30986 18.34003 18.40303 18.49893 18.62732 18.86766 19.06552 19.37041 19.65664 19.84843 20.0968 20.30991 20.47923 20.67357 20.7975 20.85315 20.81074 20.73438 -9999 -9999 -9999 -9999
-9999 -9999 -9999 -9999 -9999 -9999 -9999 -9999 -9999 -9999 -9999 -9999 -9999 -9999 -9999 -9999 -9999 19.72126 19.65708 19.56263 19.4667 19.40004 19.29875 19.21954 19.14794 19.07564 19.03415 18.98846 18.93237 18.89149 18.82693 18.76593 18.73081 18.67325 18.61607 18.56567 18.51947 18.49368 18.48007 18.45292 18.43684 18.42332 18.43433 18.46144 18.51558 18.59044 18.68341 18.89096 19.10184 19.33742 19.61131 19.81175 20.02466 20.24117 20.42439 20.60538 20.73779 20.80036 20.74541 20.64495 20.58221 -9999 -9999 -9999
