Coarse-scale-data/Bio-ORACLE-projtemp/temp_mean_2100_2.6.asc
ncols         64
nrows         68
xllcorner     -552526.67139316
yllcorner     3561544.368174
cellsize      17237.140329928
NODATA_value  -9999
[rows 33 to 65 of 68, columns 0 to 63 of 64]
-9999 -9999 -9999 -9999 -9999 -9999 -9999 -9999 15.79836 15.75425 15.67183 15.56951 15.48293 15.40208 15.31902 15.23982 15.13983 15.0447 14.95833 14.84459 14.76437 14.66939 14.58224 14.52055 14.45239 14.41184 14.36716 14.27995 14.17431 14.04059 13.88465 13.80797 13.77787 -9999 -9999 -9999 -9999 -9999 -9999 -9999 -9999 -9999 -9999 -9999 -9999 -9999 -9999 -9999 -9999 -9999 -9999 -9999 -9999 -9999 -9999 -9999 -9999 -9999 -9999 -9999 -9999 -9999 -9999 -9999
-9999 -9999 -9999 -9999 -9999 -9999 -9999 -9999 -9999 -9999 15.77649 15.67673 15.57925 15.50012 15.41747 15.336 15.24729 15.15008 15.05357 14.95841 14.86468 14.77463 14.69067 14.61888 14.56038 14.52857 14.49439 14.45009 14.37255 14.22118 14.07269 13.93846 13.83057 -9999 -9999 -9999 -9999 -9999 -9999 -9999 -9999 -9999 -9999 -9999 -9999 -9999 -9999 -9999 -9999 -9999 -9999 -9999 -9999 -9999 -9999 -9999 -9999 -9999 -9999 -9999 -9999 -9999 -9999 -9999
-9999 -9999 -9999 -9999 -9999 -9999 -9999 -9999 -9999 -9999 15.85844 15.75368 15.66886 15.58482 15.49781 15.4324 15.34176 15.24118 15.16285 15.06455 14.97404 14.88678 14.80004 14.73507 14.67647 14.63853 14.623 14.61586 14.56068 14.4504 14.30746 14.10454 13.93607 13.85865 -9999 -9999 -9999 -9999 -9999 -9999 -9999 -9999 -9999 -9999 -9999 -9999 -9999 -9999 -9999 -9999 -9999 -9999 -9999 -9999 -9999 -9999 -9999 -9999 -9999 -9999 -9999 -9999 -9999 -9999
-9999 -9999 -9999 -9999 -9999 -9999 -9999 -9999 -9999 -9999 15.95552 15.85538 15.76439 15.66805 15.58082 15.50796 15.40992 15.31385 15.22263 15.12579 15.05335 14.95586 14.88748 14.82912 14.76449 14.73073 14.72046 14.71964 14.69694 14.64398 14.49271 14.31706 14.11052 13.96452 13.90983 13.9196 -9999 -9999 -9999 -9999 -9999 -9999 -9999 -9999 -9999 -9999 -9999 -9999 -9999 -9999 -9999 -9999 -9999 -9999 -9999 -9999 -9999 -9999 -9999 -9999 -9999 -9999 -9999 -9999
-9999 -9999 -9999 -9999 -9999 -9999 -9999 -9999 -9999 -9999 16.05876 15.97566 15.87823 15.78458 15.69049 15.59742 15.50916 15.41768 15.32215 15.22586 15.14237 15.05364 14.98605 14.91837 14.85509 14.82152 14.80035 14.7956 14.78094 14.71317 14.61269 14.43857 14.22465 14.07713 13.96477 13.9611 13.95881 -9999 -9999 -9999 -9999 -9999 -9999 -9999 -9999 -9999 -9999 -9999 -9999 -9999 -9999 -9999 -9999 -9999 -9999 -9999 -9999 -9999 -9999 -9999 -9999 -9999 -9999 -9999
-9999 -9999 -9999 -9999 -9999 -9999 -9999 -9999 -9999 -9999 16.12093 16.06527 15.98442 15.87947 15.77795 15.69666 15.59761 15.50994 15.42316 15.32937 15.25336 15.17385 15.0968 15.03066 14.97042 14.92699 14.905 14.89165 14.87839 14.83985 14.75195 14.58334 14.33844 14.14695 14.01317 14.02618 -9999 -9999 -9999 -9999 -9999 -9999 -9999 -9999 -9999 -9999 -9999 -9999 -9999 -9999 -9999 -9999 -9999 -9999 -9999 -9999 -9999 -9999 -9999 -9999 -9999 -9999 -9999 -9999
-9999 -9999 -9999 -9999 -9999 -9999 -9999 -9999 -9999 -9999 16.15031 16.13005 16.05626 15.95283 15.84987 15.75606 15.65327 15.57886 15.49427 15.40805 15.34698 15.25944 15.19527 15.13533 15.07253 15.03652 15.00398 14.98867 14.9759 14.94876 14.86713 14.69953 14.47616 14.23528 14.08325 14.07197 -9999 -9999 -9999 -9999 -9999 -9999 -9999 -9999 -9999 -9999 -9999 -9999 -9999 -9999 -9999 -9999 -9999 -9999 -9999 -9999 -9999 -9999 -9999 -9999 -9999 -9999 -9999 -9999
-9999 -9999 -9999 -9999 -9999 -9999 -9999 -9999 -9999 -9999 -9999 16.22321 16.1252 16.03158 15.92549 15.83807 15.74627 15.65864 15.57848 15.49593 15.43003 15.34717 15.28733 15.21801 15.1524 15.1177 15.06957 15.05301 15.03655 15.00615 14.94562 14.81652 14.59071 14.36139 14.16273 14.11326 14.16738 -9999 -9999 -9999 -9999 -9999 -9999 -9999 -9999 -9999 -9999 -9999 -9999 -9999 -9999 -9999 -9999 -9999 -9999 -9999 -9999 -9999 -9999 -9999 -9999 -9999 -9999 -9999
-9999 -9999 -9999 -9999 -9999 -9999 -9999 -9999 -9999 -9999 -9999 16.29032 16.21173 16.10645 16.01496 15.92468 15.83043 15.75058 15.67448 15.59418 15.53215 15.4669 15.39815 15.3314 15.26081 15.21411 15.17309 15.1467 15.11588 15.09002 15.03056 14.92818 14.71275 14.51233 14.2845 14.20118 14.21369 -9999 -9999 -9999 -9999 -9999 -9999 -9999 -9999 -9999 -9999 -9999 -9999 -9999 -9999 -9999 -9999 -9999 -9999 -9999 -9999 -9999 -9999 -9999 -9999 -9999 -9999 -9999
-9999 -9999 -9999 -9999 -9999 -9999 -9999 -9999 -9999 -9999 -9999 -9999 16.26444 16.1651 16.07808 15.98186 15.8925 15.82762 15.74786 15.67671 15.62409 15.56003 15.49973 15.43088 15.34619 15.3124 15.26762 15.22708 15.19319 15.15764 15.11096 15.03976 14.87398 14.7152 14.49932 14.36166 14.29848 -9999 -9999 -9999 -9999 -9999 -9999 -9999 -9999 -9999 -9999 -9999 -9999 -9999 -9999 -9999 -9999 -9999 -9999 -9999 -9999 -9999 -9999 -9999 -9999 -9999 -9999 -9999
-9999 -9999 -9999 -9999 -9999 -9999 -9999 -9999 -9999 -9999 -9999 -9999 16.30359 16.21896 16.12994 16.04848 15.96002 15.89367 15.81637 15.75 15.69117 15.62676 15.57174 15.49548 15.4326 15.39014 15.32223 15.28609 15.24356 15.20201 15.16794 15.11181 15.01485 14.89619 14.70423 14.5443 14.42001 14.35968 -9999 -9999 -9999 -9999 -9999 -9999 -9999 -9999 -9999 -9999 -9999 -9999 -9999 -9999 -9999 -9999 -9999 -9999 -9999 -9999 -9999 -9999 -9999 -9999 -9999 -9999
-9999 -9999 -9999 -9999 -9999 -9999 -9999 -9999 -9999 -9999 -9999 -9999 16.35109 16.2797 16.20116 16.12015 16.03585 15.96757 15.89816 15.83109 15.77013 15.70873 15.64825 15.59224 15.52711 15.4607 15.39623 15.34571 15.29199 15.24965 15.21452 15.16943 15.11392 15.01779 14.86074 14.71261 14.54322 14.44476 14.48154 -9999 -9999 -9999 -9999 -9999 -9999 -9999 -9999 -9999 -9999 -9999 -9999 -9999 -9999 -9999 -9999 -9999 -9999 -9999 -9999 -9999 -9999 -9999 -9999 -9999
-9999 -9999 -9999 -9999 -9999 -9999 -9999 -9999 -9999 -9999 -9999 -9999 16.39847 16.33268 16.2636 16.17449 16.10173 16.0367 15.95979 15.90299 15.8494 15.78514 15.72893 15.65988 15.59227 15.5301 15.4605 15.40376 15.34808 15.30122 15.26527 15.2357 15.20026 15.14992 15.05974 14.91185 14.75839 14.58674 14.49749 14.49897 -9999 -9999 -9999 -9999 -9999 -9999 -9999 -9999 -9999 -9999 -9999 -9999 -9999 -9999 -9999 -9999 -9999 -9999 -9999 -9999 -9999 -9999 -9999 -9999
-9999 -9999 -9999 -9999 -9999 -9999 -9999 -9999 -9999 -9999 -9999 -9999 16.42558 16.38283 16.31919 16.23693 16.15782 16.08955 16.00965 15.95705 15.89749 15.8344 15.78109 15.69905 15.64264 15.58242 15.50831 15.45558 15.39645 15.34486 15.31199 15.28277 15.26674 15.24407 15.18449 15.09669 14.97037 14.77975 14.6571 14.58249 14.54428 -9999 -9999 -9999 -9999 -9999 -9999 -9999 -9999 -9999 -9999 -9999 -9999 -9999 -9999 -9999 -9999 -9999 -9999 -9999 -9999 -9999 -9999 -9999
-9999 -9999 -9999 -9999 -9999 -9999 -9999 -9999 -9999 -9999 -9999 -9999 -9999 16.44351 16.39233 16.32038 16.2327 16.16095 16.08683 16.02341 15.96777 15.90635 15.83622 15.76754 15.6996 15.63523 15.56649 15.50756 15.45149 15.39567 15.35415 15.32569 15.32096 15.30488 15.27137 15.21645 15.07779 14.9242 14.79542 14.63293 14.5876 14.58369 -9999 -9999 -9999 -9999 -9999 -9999 -9999 -9999 -9999 -9999 -9999 -9999 -9999 -9999 -9999 -9999 -9999 -9999 -9999 -9999 -9999 -9999
-9999 -9999 -9999 -9999 -9999 -9999 -9999 -9999 -9999 -9999 -9999 -9999 -9999 16.52036 16.47029 16.39495 16.31955 16.24487 16.15474 16.09514 16.04063 15.97601 15.91416 15.83814 15.76431 15.70585 15.63729 15.57378 15.5288 15.46907 15.41829 15.39251 15.39212 15.39816 15.40259 15.35195 15.23825 15.09757 14.90354 14.73725 14.60388 14.52032 -9999 -9999 -9999 -9999 -9999 -9999 -9999 -9999 -9999 -9999 -9999 -9999 -9999 -9999 -9999 -9999 -9999 -9999 -9999 -9999 -9999 -9999
-9999 -9999 -9999 -9999 -9999 -9999 -9999 -9999 -9999 -9999 -9999 -9999 -9999 16.58928 16.53336 16.45693 16.38437 16.2997 16.21801 16.16484 16.08893 16.03791 15.97896 15.89824 15.8356 15.7779 15.70645 15.64941 15.59591 15.54355 15.5058 15.47935 15.46419 15.47006 15.47201 15.44037 15.37077 15.23683 15.03481 14.80218 14.63403 14.53177 -9999 -9999 -9999 -9999 -9999 -9999 -9999 -9999 -9999 -9999 -9999 -9999 -9999 -9999 -9999 -9999 -9999 -9999 -9999 -9999 -9999 -9999
-9999 -9999 -9999 -9999 -9999 -9999 -9999 -9999 -9999 -9999 -9999 -9999 -9999 16.64078 16.61172 16.54908 16.4718 16.39055 16.3143 16.24333 16.16752 16.12333 16.05371 15.9821 15.92204 15.85604 15.78486 15.7224 15.65289 15.61108 15.57935 15.53782 15.51942 15.51595 15.51509 15.4956 15.43743 15.31775 15.12101 14.89789 14.71405 14.60436 -9999 -9999 -9999 -9999 -9999 -9999 -9999 -9999 -9999 -9999 -9999 -9999 -9999 -9999 -9999 -9999 -9999 -9999 -9999 -9999 -9999 -9999
-9999 -9999 -9999 -9999 -9999 -9999 -9999 -9999 -9999 -9999 -9999 -9999 -9999 -9999 16.68604 16.64281 16.57552 16.49697 16.4103 16.35032 16.2925 16.2237 16.16136 16.09462 16.02513 15.96162 15.89104 15.81819 15.76175 15.71469 15.66815 15.62939 15.60447 15.58879 15.5812 15.55729 15.50945 15.40213 15.20546 15.00386 14.80578 14.73449 -9999 -9999 -9999 -9999 -9999 -9999 -9999 -9999 -9999 -9999 -9999 -9999 -9999 -9999 -9999 -9999 -9999 -9999 -9999 -9999 -9999 -9999
-9999 -9999 -9999 -9999 -9999 -9999 -9999 -9999 -9999 -9999 -9999 -9999 -9999 -9999 16.75416 16.70207 16.64496 16.57263 16.4941 16.44977 16.38077 16.32243 16.26592 16.19434 16.12909 16.06842 15.9904 15.9364 15.87941 15.81868 15.77406 15.73029 15.692 15.67417 15.64782 15.62071 15.58347 15.48873 15.3278 15.10544 14.92788 14.89056 -9999 -9999 -9999 -9999 -9999 -9999 -9999 -9999 -9999 -9999 -9999 -9999 -9999 -9999 -9999 -9999 -9999 -9999 -9999 -9999 -9999 -9999
-9999 -9999 -9999 -9999 -9999 -9999 -9999 -9999 -9999 -9999 -9999 -9999 -9999 -9999 16.86614 16.81533 16.75014 16.6832 16.61494 16.55486 16.48147 16.42926 16.36054 16.28483 16.2225 16.14163 16.07443 16.0201 15.94573 15.89672 15.84554 15.79808 15.76563 15.73002 15.70297 15.67347 15.63849 15.56706 15.44569 15.23048 15.07835 15.03547 15.18703 15.42171 15.88665 16.15684 16.43508 16.61829 -9999 -9999 -9999 -9999 -9999 -9999 -9999 -9999 -9999 -9999 -9999 -9999 -9999 -9999 -9999 -9999
-9999 -9999 -9999 -9999 -9999 -9999 -9999 -9999 -9999 -9999 -9999 -9999 -9999 -9999 16.95082 16.9239 16.87662 16.81922 16.74668 16.67814 16.61235 16.5479 16.48336 16.40303 16.32214 16.24473 16.18315 16.11796 16.06748 16.00659 15.94249 15.89608 15.85546 15.81045 15.7807 15.73951 15.70422 15.64695 15.54423 15.37873 15.22575 15.16254 15.27436 15.49216 15.84768 16.17868 16.45934 16.68301 16.84928 -9999 -9999 -9999 -9999 -9999 -9999 -9999 -9999 -9999 -9999 -9999 -9999 -9999 -9999 -9999
-9999 -9999 -9999 -9999 -9999 -9999 -9999 -9999 -9999 -9999 -9999 -9999 -9999 -9999 -9999 17.01702 16.98306 16.91851 16.85086 16.78652 16.7125 16.65046 16.58362 16.50121 16.42458 16.35282 16.2784 16.2315 16.17894 16.11749 16.06003 16.00523 15.95813 15.9165 15.87146 15.82761 15.78341 15.72754 15.64715 15.52699 15.38987 15.29198 15.36897 15.51432 15.82708 16.22408 16.55165 16.77187 16.96538 17.18246 17.36311 17.57568 17.64712 -9999 -9999 -9999 -9999 -9999 -9999 -9999 -9999 -9999 -9999 -9999
-9999 -9999 -9999 -9999 -9999 -9999 -9999 -9999 -9999 -9999 -9999 -9999 -9999 -9999 -9999 17.14198 17.08983 17.02351 16.95098 16.87805 16.7958 16.73093 16.65229 16.56748 16.50093 16.40253 16.35211 16.29943 16.24113 16.19572 16.13885 16.0878 16.04763 16.00072 15.95052 15.90265 15.84473 15.79395 15.7479 15.65455 15.56293 15.47452 15.49049 15.6897 16.00809 16.33325 16.7233 17.00053 17.23929 17.37558 17.56326 17.71643 17.78437 17.80498 -9999 -9999 -9999 -9999 -9999 -9999 -9999 -9999 -9999 -9999
-9999 -9999 -9999 -9999 -9999 -9999 -9999 -9999 -9999 -9999 -9999 -9999 -9999 -9999 -9999 17.26917 17.21749 17.15143 17.06899 16.99206 16.91077 16.82591 16.7419 16.67178 16.58706 16.51259 16.44433 16.38601 16.33341 16.2855 16.22703 16.17867 16.13828 16.08792 16.02995 15.96394 15.89977 15.85222 15.81328 15.74511 15.67687 15.59953 15.61754 15.82085 16.06443 16.39049 16.68927 17.02384 17.2659 17.48354 17.70775 17.83084 17.90193 18.01119 18.12112 -9999 -9999 -9999 -9999 -9999 -9999 -9999 -9999 -9999
-9999 -9999 -9999 -9999 -9999 -9999 -9999 -9999 -9999 -9999 -9999 -9999 -9999 -9999 -9999 17.33753 17.32849 17.25448 17.17682 17.10144 17.00963 16.93116 16.8513 16.75988 16.68863 16.60994 16.54065 16.49016 16.43889 16.38705 16.33506 16.28134 16.2399 16.19829 16.12491 16.05014 15.97975 15.92208 15.889 15.84543 15.78469 15.74834 15.79062 15.8851 16.0452 16.35273 16.66648 16.94429 17.24535 17.50276 17.75553 17.92377 18.01621 18.08785 18.17752 18.26977 18.42057 -9999 -9999 -9999 -9999 -9999 -9999 -9999
-9999 -9999 -9999 -9999 -9999 -9999 -9999 -9999 -9999 -9999 -9999 -9999 -9999 -9999 -9999 -9999 17.41073 17.33946 17.2628 17.16917 17.08108 17.01119 16.92273 16.83138 16.75936 16.67961 16.61916 16.57107 16.52082 16.4762 16.42621 16.37271 16.33384 16.28389 16.21388 16.14125 16.05625 16.00217 15.97132 15.93844 15.90274 15.87313 15.8968 15.95555 16.07085 16.25259 16.45431 16.73824 17.06412 17.42856 17.72285 17.92983 18.08993 18.1981 18.29038 18.38083 18.4794 18.57275 -9999 -9999 -9999 -9999 -9999 -9999
-9999 -9999 -9999 -9999 -9999 -9999 -9999 -9999 -9999 -9999 -9999 -9999 -9999 -9999 -9999 -9999 17.49967 17.4409 17.35605 17.27728 17.17314 17.08702 16.99216 16.89619 16.832 16.76262 16.70506 16.65598 16.61133 16.56615 16.51496 16.46701 16.42004 16.35475 16.29126 16.21563 16.13333 16.07903 16.03235 16.00408 15.97078 15.95114 15.95043 16.00788 16.08078 16.18901 16.3765 16.65407 16.93623 17.3413 17.65712 17.88179 18.09671 18.24078 18.35829 18.464 18.54544 18.60674 18.64571 -9999 -9999 -9999 -9999 -9999
-9999 -9999 -9999 -9999 -9999 -9999 -9999 -9999 -9999 -9999 -9999 -9999 -9999 -9999 -9999 -9999 17.57136 17.51374 17.4469 17.36457 17.26848 17.1855 17.07888 16.98059 16.92705 16.86237 16.80375 16.76584 16.72314 16.67664 16.63696 16.5847 16.52905 16.4737 16.39645 16.32394 16.25249 16.18485 16.14459 16.10746 16.0624 16.03967 16.03848 16.06419 16.12633 16.21274 16.36742 16.62068 16.89415 17.24617 17.55177 17.83568 18.04956 18.23043 18.38749 18.50466 18.59029 18.65224 18.67658 18.67313 -9999 -9999 -9999 -9999
-9999 -9999 -9999 -9999 -9999 -9999 -9999 -9999 -9999 -9999 -9999 -9999 -9999 -9999 -9999 -9999 17.6078 17.56102 17.51436 17.43225 17.32506 17.26191 17.16232 17.063 17.01239 16.94175 16.89076 16.86212 16.81658 16.78219 16.75141 16.68889 16.64481 16.58044 16.50718 16.44915 16.37177 16.31319 16.27089 16.2207 16.18428 16.15498 16.14347 16.15237 16.207 16.3016 16.4248 16.64162 16.91484 17.19242 17.48849 17.76808 17.98588 18.19625 18.36889 18.50556 18.60976 18.68936 18.70304 18.67863 -9999 -9999 -9999 -9999
-9999 -9999 -9999 -9999 -9999 -9999 -9999 -9999 -9999 -9999 -9999 -9999 -9999 -9999 -9999 -9999 17.67807 17.65452 17.57936 17.51493 17.41271 17.33348 17.25821 17.16757 17.1038 17.03394 16.98148 16.943 16.89833 16.86547 16.81645 16.75506 16.71359 16.63999 16.56892 16.505 16.43659 16.39629 16.34989 16.3004 16.26217 16.23062 16.22241 16.23881 16.28178 16.3854 16.50962 16.72082 16.92619 17.21036 17.49463 17.69972 17.95221 18.15863 18.3203 18.49072 18.605 18.68507 18.67984 18.642 -9999 -9999 -9999 -9999
-9999 -9999 -9999 -9999 -9999 -9999 -9999 -9999 -9999 -9999 -9999 -9999 -9999 -9999 -9999 -9999 -9999 17.7198 17.66757 17.59506 17.50892 17.44342 17.36632 17.28763 17.22214 17.15861 17.10497 17.05974 17.02316 16.97865 16.93886 16.86488 16.80019 16.74801 16.67539 16.61494 16.56393 16.52046 16.47724 16.43153 16.37616 16.34159 16.33807 16.35493 16.40106 16.47773 16.58464 16.79064 16.95267 17.23016 17.50815 17.68041 17.93119 18.12564 18.28524 18.4711 18.58387 18.65174 18.62201 18.54171 -9999 -9999 -9999 -9999
-9999 -9999 -9999 -9999 -9999 -9999 -9999 -9999 -9999 -9999 -9999 -9999 -9999 -9999 -9999 -9999 -9999 17.76272 17.73301 17.65656 17.58543 17.53362 17.45128 17.38421 17.32394 17.25714 17.219 17.16852 17.12324 17.09282 17.02427 16.96016 16.90537 16.84012 16.78641 16.73262 16.68306 16.6543 16.61346 16.57499 16.53476 16.49722 16.48876 16.50019 16.54348 16.60573 16.67845 16.84968 17.02554 17.23462 17.50147 17.68488 17.89118 18.09254 18.26298 18.43461 18.55433 18.61974 18.56386 18.45568 18.39334 -9999 -9999 -9999
