Coarse-scale-data/Bio-ORACLE-projtemp/temp_mean_2100_4.5.asc
ncols         64
nrows         68
xllcorner     -552526.67139316
yllcorner     3561544.368174
cellsize      17237.140329928
NODATA_value  -9999
[rows 33 to 65 of 68, columns 0 to 63 of 64]
-9999 -9999 -9999 -9999 -9999 -9999 -9999 -9999 16.33544 16.28734 16.18188 16.06749 15.94862 15.85052 15.75696 15.66581 15.56099 15.44789 15.3549 15.23618 15.14943 15.06 14.98074 14.92546 14.86681 14.83525 14.80372 14.72508 14.6282 14.50606 14.36167 14.29283 14.26493 -9999 -9999 -9999 -9999 -9999 -9999 -9999 -9999 -9999 -9999 -9999 -9999 -9999 -9999 -9999 -9999 -9999 -9999 -9999 -9999 -9999 -9999 -9999 -9999 -9999 -9999 -9999 -9999 -9999 -9999 -9999
-9999 -9999 -9999 -9999 -9999 -9999 -9999 -9999 -9999 -9999 16.29014 16.17079 16.0441 15.94011 15.84282 15.75786 15.66564 15.54576 15.43244 15.33344 15.24249 15.16144 15.08782 15.02236 14.97122 14.94926 14.93238 14.8992 14.83214 14.69716 14.55494 14.42286 14.3199 -9999 -9999 -9999 -9999 -9999 -9999 -9999 -9999 -9999 -9999 -9999 -9999 -9999 -9999 -9999 -9999 -9999 -9999 -9999 -9999 -9999 -9999 -9999 -9999 -9999 -9999 -9999 -9999 -9999 -9999 -9999
-9999 -9999 -9999 -9999 -9999 -9999 -9999 -9999 -9999 -9999 16.37214 16.24818 16.13796 16.02948 15.92517 15.85604 15.75666 15.63646 15.54628 15.43389 15.34769 15.27304 15.19293 15.13484 15.08463 15.05919 15.05869 15.06964 15.02855 14.93416 14.79724 14.59247 14.43161 14.37273 -9999 -9999 -9999 -9999 -9999 -9999 -9999 -9999 -9999 -9999 -9999 -9999 -9999 -9999 -9999 -9999 -9999 -9999 -9999 -9999 -9999 -9999 -9999 -9999 -9999 -9999 -9999 -9999 -9999 -9999
-9999 -9999 -9999 -9999 -9999 -9999 -9999 -9999 -9999 -9999 16.46889 16.35014 16.23705 16.12224 16.01971 15.92937 15.82498 15.7094 15.60799 15.50187 15.43353 15.34388 15.27789 15.22571 15.17135 15.14869 15.15305 15.1737 15.16373 15.12849 14.97841 14.8051 14.60598 14.47696 14.4516 14.46601 -9999 -9999 -9999 -9999 -9999 -9999 -9999 -9999 -9999 -9999 -9999 -9999 -9999 -9999 -9999 -9999 -9999 -9999 -9999 -9999 -9999 -9999 -9999 -9999 -9999 -9999 -9999 -9999
-9999 -9999 -9999 -9999 -9999 -9999 -9999 -9999 -9999 -9999 16.57095 16.47335 16.35946 16.25004 16.13429 16.02173 15.92471 15.82006 15.71413 15.61054 15.52718 15.44407 15.37743 15.312 15.25746 15.23618 15.23124 15.24353 15.24301 15.18602 15.09261 14.92319 14.71721 14.58024 14.48833 14.48924 14.47913 -9999 -9999 -9999 -9999 -9999 -9999 -9999 -9999 -9999 -9999 -9999 -9999 -9999 -9999 -9999 -9999 -9999 -9999 -9999 -9999 -9999 -9999 -9999 -9999 -9999 -9999 -9999
-9999 -9999 -9999 -9999 -9999 -9999 -9999 -9999 -9999 -9999 16.63583 16.5692 16.47645 16.34838 16.22243 16.12757 16.01795 15.9166 15.81498 15.71235 15.63682 15.56446 15.48702 15.42069 15.36655 15.33874 15.32941 15.33553 15.33662 15.3051 15.22846 15.06765 14.82931 14.64553 14.52382 14.54008 -9999 -9999 -9999 -9999 -9999 -9999 -9999 -9999 -9999 -9999 -9999 -9999 -9999 -9999 -9999 -9999 -9999 -9999 -9999 -9999 -9999 -9999 -9999 -9999 -9999 -9999 -9999 -9999
-9999 -9999 -9999 -9999 -9999 -9999 -9999 -9999 -9999 -9999 16.67341 16.63482 16.54733 16.43629 16.3069 16.19118 16.07421 15.98654 15.89221 15.79155 15.7261 15.64274 15.58046 15.52056 15.46148 15.44014 15.41991 15.42654 15.42152 15.41227 15.34011 15.1796 14.96398 14.73284 14.58753 14.57785 -9999 -9999 -9999 -9999 -9999 -9999 -9999 -9999 -9999 -9999 -9999 -9999 -9999 -9999 -9999 -9999 -9999 -9999 -9999 -9999 -9999 -9999 -9999 -9999 -9999 -9999 -9999 -9999
-9999 -9999 -9999 -9999 -9999 -9999 -9999 -9999 -9999 -9999 -9999 16.72428 16.6046 16.50229 16.3841 16.27418 16.16555 16.0589 15.96971 15.87734 15.80561 15.72226 15.66494 15.59048 15.52459 15.5067 15.47566 15.47999 15.47587 15.45862 15.40564 15.28479 15.07311 14.85951 14.66424 14.61748 14.67276 -9999 -9999 -9999 -9999 -9999 -9999 -9999 -9999 -9999 -9999 -9999 -9999 -9999 -9999 -9999 -9999 -9999 -9999 -9999 -9999 -9999 -9999 -9999 -9999 -9999 -9999 -9999
-9999 -9999 -9999 -9999 -9999 -9999 -9999 -9999 -9999 -9999 -9999 16.79529 16.70132 16.57786 16.47453 16.3618 16.24842 16.15065 16.0582 15.9732 15.90844 15.84035 15.76807 15.68343 15.61298 15.59266 15.56955 15.56895 15.55122 15.53624 15.48555 15.39309 15.19745 15.01305 14.78957 14.70969 14.71994 -9999 -9999 -9999 -9999 -9999 -9999 -9999 -9999 -9999 -9999 -9999 -9999 -9999 -9999 -9999 -9999 -9999 -9999 -9999 -9999 -9999 -9999 -9999 -9999 -9999 -9999 -9999
-9999 -9999 -9999 -9999 -9999 -9999 -9999 -9999 -9999 -9999 -9999 -9999 16.75345 16.63626 16.53359 16.42035 16.30845 16.22933 16.13049 16.05617 16.00363 15.93427 15.86457 15.78523 15.69753 15.67768 15.66242 15.64443 15.6242 15.60064 15.56214 15.50419 15.35684 15.21196 15.00767 14.87541 14.80536 -9999 -9999 -9999 -9999 -9999 -9999 -9999 -9999 -9999 -9999 -9999 -9999 -9999 -9999 -9999 -9999 -9999 -9999 -9999 -9999 -9999 -9999 -9999 -9999 -9999 -9999 -9999
-9999 -9999 -9999 -9999 -9999 -9999 -9999 -9999 -9999 -9999 -9999 -9999 16.79212 16.689 16.57872 16.48637 16.37711 16.28743 16.19567 16.12763 16.07099 16.00056 15.93764 15.85669 15.79357 15.77001 15.7191 15.69789 15.67163 15.64272 15.61591 15.57506 15.49077 15.38379 15.20597 15.05347 14.92498 14.86235 -9999 -9999 -9999 -9999 -9999 -9999 -9999 -9999 -9999 -9999 -9999 -9999 -9999 -9999 -9999 -9999 -9999 -9999 -9999 -9999 -9999 -9999 -9999 -9999 -9999 -9999
-9999 -9999 -9999 -9999 -9999 -9999 -9999 -9999 -9999 -9999 -9999 -9999 16.84064 16.745 16.64644 16.55853 16.4498 16.35483 16.2691 16.20017 16.14622 16.08578 16.01543 15.9521 15.89338 15.84469 15.79207 15.75527 15.71412 15.68564 15.66142 15.63082 15.58386 15.49689 15.35085 15.20928 15.04313 14.94424 14.97875 -9999 -9999 -9999 -9999 -9999 -9999 -9999 -9999 -9999 -9999 -9999 -9999 -9999 -9999 -9999 -9999 -9999 -9999 -9999 -9999 -9999 -9999 -9999 -9999 -9999
-9999 -9999 -9999 -9999 -9999 -9999 -9999 -9999 -9999 -9999 -9999 -9999 16.90759 16.81344 16.71362 16.61254 16.50799 16.42705 16.32924 16.26369 16.21084 16.15209 16.08169 16.00343 15.95014 15.90189 15.84924 15.8037 15.7568 15.7265 15.70498 15.68551 15.65906 15.61933 15.54198 15.40313 15.25245 15.07904 14.99111 14.99871 -9999 -9999 -9999 -9999 -9999 -9999 -9999 -9999 -9999 -9999 -9999 -9999 -9999 -9999 -9999 -9999 -9999 -9999 -9999 -9999 -9999 -9999 -9999 -9999
-9999 -9999 -9999 -9999 -9999 -9999 -9999 -9999 -9999 -9999 -9999 -9999 16.92954 16.87204 16.77139 16.67184 16.55725 16.47407 16.38298 16.31537 16.25001 16.18361 16.12718 16.04333 15.98892 15.94576 15.88626 15.84624 15.79519 15.75644 15.74019 15.71639 15.70934 15.69993 15.65305 15.57562 15.45027 15.26838 15.14691 15.0815 15.04358 -9999 -9999 -9999 -9999 -9999 -9999 -9999 -9999 -9999 -9999 -9999 -9999 -9999 -9999 -9999 -9999 -9999 -9999 -9999 -9999 -9999 -9999 -9999
-9999 -9999 -9999 -9999 -9999 -9999 -9999 -9999 -9999 -9999 -9999 -9999 -9999 16.93817 16.84496 16.75028 16.62137 16.52076 16.43823 16.37449 16.3163 16.24793 16.17116 16.09891 16.0384 15.99331 15.94034 15.89595 15.84943 15.80231 15.7784 15.75727 15.75725 15.75266 15.72907 15.68428 15.55265 15.41027 15.28332 15.13113 15.08737 15.08357 -9999 -9999 -9999 -9999 -9999 -9999 -9999 -9999 -9999 -9999 -9999 -9999 -9999 -9999 -9999 -9999 -9999 -9999 -9999 -9999 -9999 -9999
-9999 -9999 -9999 -9999 -9999 -9999 -9999 -9999 -9999 -9999 -9999 -9999 -9999 17.01336 16.92481 16.82213 16.71234 16.61223 16.50518 16.44628 16.38694 16.31206 16.24566 16.16415 16.09715 16.0546 16.00576 15.95875 15.93035 15.88237 15.83805 15.82139 15.83237 15.85036 15.8587 15.81004 15.70542 15.57129 15.39399 15.23452 15.10539 15.01938 -9999 -9999 -9999 -9999 -9999 -9999 -9999 -9999 -9999 -9999 -9999 -9999 -9999 -9999 -9999 -9999 -9999 -9999 -9999 -9999 -9999 -9999
-9999 -9999 -9999 -9999 -9999 -9999 -9999 -9999 -9999 -9999 -9999 -9999 -9999 17.05978 16.98366 16.88227 16.7744 16.66803 16.57084 16.51275 16.43309 16.37036 16.30876 16.2236 16.1664 16.12003 16.06683 16.02789 15.99844 15.956 15.91632 15.90486 15.90812 15.92254 15.92939 15.90318 15.83764 15.70852 15.52374 15.30142 15.1357 15.0307 -9999 -9999 -9999 -9999 -9999 -9999 -9999 -9999 -9999 -9999 -9999 -9999 -9999 -9999 -9999 -9999 -9999 -9999 -9999 -9999 -9999 -9999
-9999 -9999 -9999 -9999 -9999 -9999 -9999 -9999 -9999 -9999 -9999 -9999 -9999 17.09085 17.05094 16.96484 16.84677 16.74802 16.65542 16.585 16.5083 16.45769 16.38159 16.30833 16.25312 16.19658 16.14244 16.09642 16.0466 16.01044 15.99039 15.95831 15.9553 15.96025 15.96437 15.95425 15.90068 15.78681 15.59866 15.38736 15.21176 15.10134 -9999 -9999 -9999 -9999 -9999 -9999 -9999 -9999 -9999 -9999 -9999 -9999 -9999 -9999 -9999 -9999 -9999 -9999 -9999 -9999 -9999 -9999
-9999 -9999 -9999 -9999 -9999 -9999 -9999 -9999 -9999 -9999 -9999 -9999 -9999 -9999 17.10887 17.03624 16.93824 16.83062 16.73526 16.6778 16.62011 16.55801 16.48656 16.4132 16.35128 16.29864 16.24354 16.18546 16.13869 16.10747 16.0745 16.04414 16.03301 16.02547 16.02291 16.00614 15.96315 15.86439 15.67795 15.48576 15.29828 15.22725 -9999 -9999 -9999 -9999 -9999 -9999 -9999 -9999 -9999 -9999 -9999 -9999 -9999 -9999 -9999 -9999 -9999 -9999 -9999 -9999 -9999 -9999
-9999 -9999 -9999 -9999 -9999 -9999 -9999 -9999 -9999 -9999 -9999 -9999 -9999 -9999 17.17032 17.08966 17.003 16.90803 16.80728 16.7597 16.69377 16.64111 16.57984 16.50153 16.44609 16.39896 16.3348 16.28974 16.24485 16.19806 16.16402 16.12998 16.10328 16.0947 16.07917 16.06285 16.02197 15.93577 15.78868 15.57632 15.40901 15.37502 -9999 -9999 -9999 -9999 -9999 -9999 -9999 -9999 -9999 -9999 -9999 -9999 -9999 -9999 -9999 -9999 -9999 -9999 -9999 -9999 -9999 -9999
-9999 -9999 -9999 -9999 -9999 -9999 -9999 -9999 -9999 -9999 -9999 -9999 -9999 -9999 17.27961 17.19315 17.08165 16.97991 16.89925 16.84722 16.78235 16.72924 16.66154 16.58425 16.53337 16.46442 16.41668 16.37049 16.30307 16.26451 16.22187 16.18606 16.16635 16.13994 16.11947 16.10217 16.06858 16.00685 15.89636 15.69244 15.54894 15.5135 15.68127 15.91929 16.38432 16.65806 16.94489 17.14168 -9999 -9999 -9999 -9999 -9999 -9999 -9999 -9999 -9999 -9999 -9999 -9999 -9999 -9999 -9999 -9999
-9999 -9999 -9999 -9999 -9999 -9999 -9999 -9999 -9999 -9999 -9999 -9999 -9999 -9999 17.35212 17.29459 17.20537 17.08812 17.00439 16.96114 16.90488 16.84118 16.77435 16.69112 16.62605 16.56642 16.52501 16.46658 16.42719 16.37188 16.3149 16.28187 16.25215 16.21386 16.18723 16.15893 16.13158 16.08716 15.9938 15.83918 15.69347 15.63949 15.76719 15.98893 16.34794 16.68368 16.97123 17.20737 17.38017 -9999 -9999 -9999 -9999 -9999 -9999 -9999 -9999 -9999 -9999 -9999 -9999 -9999 -9999 -9999
-9999 -9999 -9999 -9999 -9999 -9999 -9999 -9999 -9999 -9999 -9999 -9999 -9999 -9999 -9999 17.38133 17.31786 17.19781 17.11773 17.07023 17.00108 16.93873 16.86971 16.78325 16.72256 16.67031 16.60767 16.57372 16.5398 16.48155 16.42973 16.38721 16.34719 16.31529 16.27515 16.24084 16.20922 16.16665 16.0971 15.98637 15.85483 15.7666 15.85899 16.00998 16.33287 16.73701 17.06923 17.2959 17.49972 17.73479 17.9309 18.12571 18.20281 -9999 -9999 -9999 -9999 -9999 -9999 -9999 -9999 -9999 -9999 -9999
-9999 -9999 -9999 -9999 -9999 -9999 -9999 -9999 -9999 -9999 -9999 -9999 -9999 -9999 -9999 17.51326 17.42946 17.327 17.23809 17.16796 17.0885 17.02138 16.94062 16.85741 16.80481 16.71765 16.68034 16.64155 16.6002 16.55869 16.50894 16.46462 16.43018 16.39736 16.35314 16.31397 16.26903 16.23043 16.19461 16.11171 16.02635 15.94764 15.97483 16.17825 16.5124 16.84467 17.23859 17.52206 17.77325 17.93223 18.12213 18.26862 18.33689 18.37117 -9999 -9999 -9999 -9999 -9999 -9999 -9999 -9999 -9999 -9999
-9999 -9999 -9999 -9999 -9999 -9999 -9999 -9999 -9999 -9999 -9999 -9999 -9999 -9999 -9999 17.6322 17.5581 17.45819 17.3555 17.28655 17.21058 17.12176 17.03725 16.96085 16.89393 16.82811 16.77171 16.72376 16.68156 16.64493 16.59587 16.54988 16.51549 16.47868 16.42573 16.37696 16.32318 16.286 16.25423 16.19484 16.13769 16.0746 16.09803 16.30339 16.55239 16.88751 17.1996 17.54363 17.79181 18.01094 18.25934 18.38144 18.44993 18.57763 18.6795 -9999 -9999 -9999 -9999 -9999 -9999 -9999 -9999 -9999
-9999 -9999 -9999 -9999 -9999 -9999 -9999 -9999 -9999 -9999 -9999 -9999 -9999 -9999 -9999 17.68844 17.65881 17.54594 17.45596 17.38753 17.29807 17.21713 17.1242 17.03012 16.97779 16.91427 16.85149 16.81006 16.76889 16.72888 16.68799 16.63864 16.60274 16.56985 16.50329 16.45144 16.39748 16.34691 16.31977 16.27776 16.24055 16.21774 16.26867 16.35564 16.53435 16.85364 17.17127 17.45194 17.75967 18.02454 18.29528 18.46741 18.56353 18.64982 18.73907 18.83162 18.98511 -9999 -9999 -9999 -9999 -9999 -9999 -9999
-9999 -9999 -9999 -9999 -9999 -9999 -9999 -9999 -9999 -9999 -9999 -9999 -9999 -9999 -9999 -9999 17.7154 17.61149 17.53285 17.43765 17.34762 17.28394 17.1849 17.09848 17.04025 16.96864 16.92021 16.87704 16.83192 16.79675 16.75419 16.71093 16.67677 16.62803 16.56739 16.51232 16.44959 16.40305 16.37155 16.34443 16.33096 16.31743 16.35721 16.41162 16.53747 16.73262 16.95158 17.24182 17.57379 17.94905 18.2561 18.47222 18.64809 18.76428 18.85808 18.95061 19.04814 19.14447 -9999 -9999 -9999 -9999 -9999 -9999
-9999 -9999 -9999 -9999 -9999 -9999 -9999 -9999 -9999 -9999 -9999 -9999 -9999 -9999 -9999 -9999 17.76771 17.68044 17.6082 17.53884 17.44095 17.35687 17.27375 17.18023 17.1131 17.05043 17.00343 16.95831 16.91668 16.87833 16.82748 16.79362 16.75146 16.67907 16.62525 16.56889 16.50011 16.45623 16.40993 16.3829 16.37569 16.37278 16.39633 16.46408 16.54186 16.66356 16.86823 17.15288 17.44599 17.86548 18.19237 18.42854 18.66308 18.81137 18.93488 19.04326 19.12352 19.1825 19.22823 -9999 -9999 -9999 -9999 -9999
-9999 -9999 -9999 -9999 -9999 -9999 -9999 -9999 -9999 -9999 -9999 -9999 -9999 -9999 -9999 -9999 17.83225 17.76117 17.70251 17.63105 17.51993 17.44899 17.36037 17.27109 17.20523 17.14285 17.09235 17.06597 17.03402 16.98631 16.94278 16.90072 16.84849 16.78948 16.72021 16.66517 16.60574 16.55039 16.50998 16.4775 16.45777 16.45246 16.47509 16.51415 16.58464 16.67425 16.84336 17.11243 17.40536 17.77726 18.1021 18.38677 18.6178 18.80356 18.97784 19.10825 19.18607 19.2354 19.25616 19.24378 -9999 -9999 -9999 -9999
-9999 -9999 -9999 -9999 -9999 -9999 -9999 -9999 -9999 -9999 -9999 -9999 -9999 -9999 -9999 -9999 17.87827 17.8271 17.77364 17.69586 17.56634 17.51442 17.42508 17.33669 17.28213 17.21146 17.16531 17.15268 17.12189 17.08024 17.04399 16.98248 16.94099 16.89016 16.821 16.76873 16.70403 16.65393 16.62685 16.58604 16.55788 16.54748 16.5633 16.59805 16.65951 16.74799 16.88503 17.12948 17.42168 17.72031 18.04722 18.31768 18.54596 18.76651 18.96383 19.12684 19.21544 19.27429 19.27839 19.24911 -9999 -9999 -9999 -9999
-9999 -9999 -9999 -9999 -9999 -9999 -9999 -9999 -9999 -9999 -9999 -9999 -9999 -9999 -9999 -9999 17.98191 17.9432 17.83566 17.77107 17.65818 17.58166 17.50642 17.42069 17.3565 17.29292 17.24368 17.21817 17.1808 17.14717 17.09714 17.04197 17.00541 16.94291 16.87717 16.8192 16.75963 16.72897 16.69556 16.65235 16.63056 16.61115 16.62773 16.66449 16.71935 16.82256 16.96077 17.19969 17.42041 17.72674 18.03462 18.24111 18.49597 18.71893 18.89931 19.09296 19.20035 19.26294 19.24641 19.20594 -9999 -9999 -9999 -9999
-9999 -9999 -9999 -9999 -9999 -9999 -9999 -9999 -9999 -9999 -9999 -9999 -9999 -9999 -9999 -9999 -9999 18.02058 17.95088 17.86481 17.76968 17.70038 17.61206 17.52985 17.46138 17.40399 17.35288 17.32356 17.29295 17.23391 17.19542 17.12564 17.08282 17.03687 16.96635 16.91499 16.87269 16.83863 16.80316 16.76604 16.73602 16.71301 16.72895 16.75439 16.80772 16.89475 17.01797 17.24554 17.43324 17.7272 18.01066 18.20308 18.45416 18.66745 18.83859 19.03383 19.15728 19.21627 19.17549 19.09597 -9999 -9999 -9999 -9999
-9999 -9999 -9999 -9999 -9999 -9999 -9999 -9999 -9999 -9999 -9999 -9999 -9999 -9999 -9999 -9999 -9999 18.08953 18.02369 17.94001 17.85624 17.79537 17.6986 17.62388 17.5585 17.49379 17.4571 17.42855 17.37704 17.33276 17.27055 17.21121 17.1702 17.1171 17.05912 17.01206 16.96754 16.94201 16.92157 16.88713 16.86611 16.84243 16.8492 16.87136 16.91874 16.98763 17.0785 17.27357 17.47305 17.69771 17.97112 18.1747 18.38856 18.60616 18.78925 18.97092 19.10313 19.1679 19.11363 19.01068 18.95069 -9999 -9999 -9999
