Coarse-scale-data/Bio-ORACLE-projtemp/temp_mean_2050_4.5.asc
ncols         64
nrows         68
xllcorner     -552526.67139316
yllcorner     3561544.368174
cellsize      17237.140329928
NODATA_value  -9999
[rows 33 to 65 of 68, columns 0 to 63 of 64]
-9999 -9999 -9999 -9999 -9999 -9999 -9999 -9999 15.97954 15.93568 15.85016 15.74815 15.65224 15.56995 15.48632 15.41105 15.31512 15.21971 15.13754 15.02812 14.94269 14.85079 14.76905 14.71211 14.65281 14.61806 14.57912 14.49534 14.3939 14.26745 14.11923 14.04677 14.01675 -9999 -9999 -9999 -9999 -9999 -9999 -9999 -9999 -9999 -9999 -9999 -9999 -9999 -9999 -9999 -9999 -9999 -9999 -9999 -9999 -9999 -9999 -9999 -9999 -9999 -9999 -9999 -9999 -9999 -9999 -9999
-9999 -9999 -9999 -9999 -9999 -9999 -9999 -9999 -9999 -9999 15.95292 15.85092 15.74635 15.66254 15.58047 15.50585 15.42193 15.32299 15.22595 15.13113 15.03858 14.95458 14.88006 14.81224 14.76245 14.73563 14.70743 14.66911 14.59723 14.45566 14.31042 14.17656 14.06972 -9999 -9999 -9999 -9999 -9999 -9999 -9999 -9999 -9999 -9999 -9999 -9999 -9999 -9999 -9999 -9999 -9999 -9999 -9999 -9999 -9999 -9999 -9999 -9999 -9999 -9999 -9999 -9999 -9999 -9999 -9999
-9999 -9999 -9999 -9999 -9999 -9999 -9999 -9999 -9999 -9999 16.03076 15.92557 15.83551 15.74516 15.65941 15.60326 15.51602 15.41103 15.33268 15.23366 15.14549 15.06613 14.98822 14.9293 14.88009 14.84767 14.837 14.83915 14.79132 14.68869 14.54892 14.34424 14.17651 14.10411 -9999 -9999 -9999 -9999 -9999 -9999 -9999 -9999 -9999 -9999 -9999 -9999 -9999 -9999 -9999 -9999 -9999 -9999 -9999 -9999 -9999 -9999 -9999 -9999 -9999 -9999 -9999 -9999 -9999 -9999
-9999 -9999 -9999 -9999 -9999 -9999 -9999 -9999 -9999 -9999 16.12416 16.0228 15.92952 15.83142 15.74311 15.67943 15.58287 15.48271 15.39128 15.29499 15.22694 15.13571 15.07433 15.02254 14.96715 14.93904 14.93483 14.94407 14.92715 14.88229 14.73159 14.55597 14.35101 14.20933 14.16485 14.1807 -9999 -9999 -9999 -9999 -9999 -9999 -9999 -9999 -9999 -9999 -9999 -9999 -9999 -9999 -9999 -9999 -9999 -9999 -9999 -9999 -9999 -9999 -9999 -9999 -9999 -9999 -9999 -9999
-9999 -9999 -9999 -9999 -9999 -9999 -9999 -9999 -9999 -9999 16.22712 16.14175 16.04603 15.9548 15.86142 15.76671 15.67983 15.58581 15.49055 15.39721 15.31705 15.23315 15.17292 15.1086 15.0531 15.02708 15.01381 15.0176 15.00975 14.94662 14.84939 14.67652 14.46459 14.32017 14.21686 14.21762 14.21356 -9999 -9999 -9999 -9999 -9999 -9999 -9999 -9999 -9999 -9999 -9999 -9999 -9999 -9999 -9999 -9999 -9999 -9999 -9999 -9999 -9999 -9999 -9999 -9999 -9999 -9999 -9999
-9999 -9999 -9999 -9999 -9999 -9999 -9999 -9999 -9999 -9999 16.29272 16.23621 16.15838 16.05775 15.95097 15.87114 15.77432 15.68154 15.59258 15.49953 15.42999 15.35469 15.28172 15.21796 15.16533 15.13106 15.11614 15.11134 15.10584 15.07046 14.98628 14.82044 14.57823 14.39218 14.26298 14.28098 -9999 -9999 -9999 -9999 -9999 -9999 -9999 -9999 -9999 -9999 -9999 -9999 -9999 -9999 -9999 -9999 -9999 -9999 -9999 -9999 -9999 -9999 -9999 -9999 -9999 -9999 -9999 -9999
-9999 -9999 -9999 -9999 -9999 -9999 -9999 -9999 -9999 -9999 16.32713 16.30596 16.2311 16.13492 16.03001 15.93162 15.83064 15.75444 15.66727 15.57679 15.52188 15.43757 15.37721 15.32136 15.26488 15.23703 15.2104 15.20487 15.19591 15.17672 15.09938 14.93725 14.71803 14.48959 14.34071 14.33119 -9999 -9999 -9999 -9999 -9999 -9999 -9999 -9999 -9999 -9999 -9999 -9999 -9999 -9999 -9999 -9999 -9999 -9999 -9999 -9999 -9999 -9999 -9999 -9999 -9999 -9999 -9999 -9999
-9999 -9999 -9999 -9999 -9999 -9999 -9999 -9999 -9999 -9999 -9999 16.40047 16.3014 16.20989 16.10931 16.01668 15.92363 15.83332 15.74884 15.66336 15.60102 15.52087 15.46688 15.39869 15.33527 15.31083 15.27107 15.26317 15.25294 15.2287 15.17346 15.05017 14.83283 14.6214 14.42393 14.37629 14.43216 -9999 -9999 -9999 -9999 -9999 -9999 -9999 -9999 -9999 -9999 -9999 -9999 -9999 -9999 -9999 -9999 -9999 -9999 -9999 -9999 -9999 -9999 -9999 -9999 -9999 -9999 -9999
-9999 -9999 -9999 -9999 -9999 -9999 -9999 -9999 -9999 -9999 -9999 16.4612 16.39106 16.2916 16.19889 16.10401 16.00572 15.92165 15.83984 15.75984 15.70192 15.64051 15.57401 15.50309 15.4388 15.4035 15.36998 15.3546 15.33125 15.31242 15.25901 15.16333 14.96308 14.77616 14.55021 14.46884 14.48071 -9999 -9999 -9999 -9999 -9999 -9999 -9999 -9999 -9999 -9999 -9999 -9999 -9999 -9999 -9999 -9999 -9999 -9999 -9999 -9999 -9999 -9999 -9999 -9999 -9999 -9999 -9999
-9999 -9999 -9999 -9999 -9999 -9999 -9999 -9999 -9999 -9999 -9999 -9999 16.43572 16.3442 16.25921 16.1594 16.06246 15.99397 15.90968 15.83968 15.79442 15.73423 15.67104 15.60082 15.51923 15.49347 15.46211 15.43097 15.40573 15.3801 15.33863 15.27762 15.12577 14.97685 14.76846 14.63533 14.56792 -9999 -9999 -9999 -9999 -9999 -9999 -9999 -9999 -9999 -9999 -9999 -9999 -9999 -9999 -9999 -9999 -9999 -9999 -9999 -9999 -9999 -9999 -9999 -9999 -9999 -9999 -9999
-9999 -9999 -9999 -9999 -9999 -9999 -9999 -9999 -9999 -9999 -9999 -9999 16.47107 16.39508 16.3038 16.22099 16.12731 16.05316 15.97361 15.90945 15.86128 15.79972 15.74219 15.66734 15.60673 15.57506 15.5147 15.48598 15.45355 15.42087 15.39176 15.34907 15.2612 15.15034 14.9679 14.81542 14.68913 14.62667 -9999 -9999 -9999 -9999 -9999 -9999 -9999 -9999 -9999 -9999 -9999 -9999 -9999 -9999 -9999 -9999 -9999 -9999 -9999 -9999 -9999 -9999 -9999 -9999 -9999 -9999
-9999 -9999 -9999 -9999 -9999 -9999 -9999 -9999 -9999 -9999 -9999 -9999 16.52538 16.45288 16.37124 16.29008 16.19768 16.12297 16.04898 15.98288 15.9348 15.8821 15.81891 15.76285 15.69996 15.64363 15.58577 15.54163 15.49641 15.46175 15.43431 15.40408 15.35441 15.2649 15.11543 14.97336 14.80814 14.71004 14.74636 -9999 -9999 -9999 -9999 -9999 -9999 -9999 -9999 -9999 -9999 -9999 -9999 -9999 -9999 -9999 -9999 -9999 -9999 -9999 -9999 -9999 -9999 -9999 -9999 -9999
-9999 -9999 -9999 -9999 -9999 -9999 -9999 -9999 -9999 -9999 -9999 -9999 16.58421 16.51217 16.43566 16.34279 16.25682 16.19118 16.10728 16.04716 16.00175 15.9463 15.88491 15.81111 15.75628 15.70144 15.64172 15.5894 15.53906 15.50198 15.47692 15.46105 15.43079 15.38929 15.30928 15.16914 15.01889 14.84872 14.76096 14.77281 -9999 -9999 -9999 -9999 -9999 -9999 -9999 -9999 -9999 -9999 -9999 -9999 -9999 -9999 -9999 -9999 -9999 -9999 -9999 -9999 -9999 -9999 -9999 -9999
-9999 -9999 -9999 -9999 -9999 -9999 -9999 -9999 -9999 -9999 -9999 -9999 16.6141 16.57095 16.49375 16.40358 16.30944 16.23663 16.1578 16.09969 16.04116 15.98454 15.93233 15.84992 15.79743 15.74523 15.67936 15.63278 15.5775 15.53349 15.51492 15.49493 15.48503 15.47202 15.42241 15.34329 15.22011 15.03903 14.91899 14.85702 14.82001 -9999 -9999 -9999 -9999 -9999 -9999 -9999 -9999 -9999 -9999 -9999 -9999 -9999 -9999 -9999 -9999 -9999 -9999 -9999 -9999 -9999 -9999 -9999
-9999 -9999 -9999 -9999 -9999 -9999 -9999 -9999 -9999 -9999 -9999 -9999 -9999 16.63587 16.56978 16.48526 16.37828 16.29381 16.22073 16.16186 16.10955 16.05373 15.9827 15.91156 15.84679 15.79195 15.73255 15.68143 15.62992 15.58017 15.55547 15.5338 15.53304 15.52765 15.50313 15.45503 15.32319 15.18275 15.0581 14.91122 14.8739 14.87118 -9999 -9999 -9999 -9999 -9999 -9999 -9999 -9999 -9999 -9999 -9999 -9999 -9999 -9999 -9999 -9999 -9999 -9999 -9999 -9999 -9999 -9999
-9999 -9999 -9999 -9999 -9999 -9999 -9999 -9999 -9999 -9999 -9999 -9999 -9999 16.70717 16.64881 16.55883 16.46707 16.3816 16.28621 16.2335 16.18534 16.11874 16.05694 15.97944 15.90691 15.85545 15.79668 15.74443 15.70801 15.6575 15.61428 15.59615 15.6056 15.6222 15.63034 15.58377 15.48019 15.35008 15.18156 15.02271 14.89543 14.8083 -9999 -9999 -9999 -9999 -9999 -9999 -9999 -9999 -9999 -9999 -9999 -9999 -9999 -9999 -9999 -9999 -9999 -9999 -9999 -9999 -9999 -9999
-9999 -9999 -9999 -9999 -9999 -9999 -9999 -9999 -9999 -9999 -9999 -9999 -9999 16.76455 16.70608 16.61886 16.53016 16.4382 16.35244 16.30455 16.23184 16.17712 16.11923 16.03789 15.97623 15.92201 15.85812 15.81611 15.77785 15.73023 15.69451 15.68115 15.68273 15.69112 15.69966 15.67796 15.6191 15.49177 15.31465 15.09404 14.92798 14.82373 -9999 -9999 -9999 -9999 -9999 -9999 -9999 -9999 -9999 -9999 -9999 -9999 -9999 -9999 -9999 -9999 -9999 -9999 -9999 -9999 -9999 -9999
-9999 -9999 -9999 -9999 -9999 -9999 -9999 -9999 -9999 -9999 -9999 -9999 -9999 16.80762 16.77434 16.70209 16.60814 16.52311 16.4417 16.3809 16.30751 16.26317 16.19072 16.11798 16.05896 15.99767 15.93508 15.88487 15.83043 15.79317 15.76944 15.73668 15.73343 15.73733 15.74271 15.73339 15.68366 15.57268 15.39175 15.18142 15.0063 14.89708 -9999 -9999 -9999 -9999 -9999 -9999 -9999 -9999 -9999 -9999 -9999 -9999 -9999 -9999 -9999 -9999 -9999 -9999 -9999 -9999 -9999 -9999
-9999 -9999 -9999 -9999 -9999 -9999 -9999 -9999 -9999 -9999 -9999 -9999 -9999 -9999 16.84054 16.7838 16.70104 16.60919 16.5212 16.47727 16.42243 16.35941 16.29203 16.22017 16.15497 16.09772 16.0391 15.97655 15.92921 15.8924 15.8554 15.82499 15.8144 15.80719 15.80686 15.79093 15.75034 15.65544 15.47513 15.28315 15.0957 15.02494 -9999 -9999 -9999 -9999 -9999 -9999 -9999 -9999 -9999 -9999 -9999 -9999 -9999 -9999 -9999 -9999 -9999 -9999 -9999 -9999 -9999 -9999
-9999 -9999 -9999 -9999 -9999 -9999 -9999 -9999 -9999 -9999 -9999 -9999 -9999 -9999 16.89868 16.83559 16.76583 16.68291 16.59565 16.56296 16.4971 16.44234 16.3843 16.30943 16.25019 16.19476 16.12998 16.08602 16.03567 15.98269 15.94942 15.91956 15.89281 15.88365 15.86987 15.85239 15.81803 15.73341 15.59275 15.38058 15.21178 15.17698 -9999 -9999 -9999 -9999 -9999 -9999 -9999 -9999 -9999 -9999 -9999 -9999 -9999 -9999 -9999 -9999 -9999 -9999 -9999 -9999 -9999 -9999
-9999 -9999 -9999 -9999 -9999 -9999 -9999 -9999 -9999 -9999 -9999 -9999 -9999 -9999 17.00758 16.93917 16.8616 16.77632 16.70143 16.65298 16.58727 16.53393 16.46846 16.39349 16.33689 16.26192 16.21002 16.16415 16.09237 16.04956 16.01052 15.97757 15.95952 15.93499 15.91582 15.89884 15.86973 15.81109 15.70513 15.50216 15.35681 15.31944 15.48353 15.71745 16.17901 16.4503 16.73266 16.92261 -9999 -9999 -9999 -9999 -9999 -9999 -9999 -9999 -9999 -9999 -9999 -9999 -9999 -9999 -9999 -9999
-9999 -9999 -9999 -9999 -9999 -9999 -9999 -9999 -9999 -9999 -9999 -9999 -9999 -9999 17.085 17.04096 16.97719 16.89614 16.81859 16.76985 16.71247 16.64717 16.58362 16.50493 16.43313 16.3667 16.31499 16.25339 16.20875 16.15431 16.10358 16.07513 16.04922 16.01336 15.98901 15.96162 15.9366 15.89748 15.80665 15.65322 15.50511 15.44729 15.57106 15.78732 16.14165 16.47379 16.7583 16.98824 17.1567 -9999 -9999 -9999 -9999 -9999 -9999 -9999 -9999 -9999 -9999 -9999 -9999 -9999 -9999 -9999
-9999 -9999 -9999 -9999 -9999 -9999 -9999 -9999 -9999 -9999 -9999 -9999 -9999 -9999 -9999 17.12887 17.08083 16.99754 16.92896 16.87857 16.80902 16.74472 16.67715 16.59624 16.53358 16.46871 16.40097 16.36222 16.31915 16.26169 16.21759 16.18366 16.14879 16.11884 16.08204 16.04831 16.02036 15.98291 15.91574 15.80663 15.67141 15.57696 15.66436 15.8099 16.12419 16.523 16.85416 17.07726 17.27799 17.50281 17.68821 17.8906 17.97104 -9999 -9999 -9999 -9999 -9999 -9999 -9999 -9999 -9999 -9999 -9999
-9999 -9999 -9999 -9999 -9999 -9999 -9999 -9999 -9999 -9999 -9999 -9999 -9999 -9999 -9999 17.25716 17.19257 17.11518 17.03932 16.97057 16.89237 16.82467 16.74387 16.65995 16.60934 16.5165 16.47494 16.43416 16.38601 16.34489 16.29996 16.26306 16.2347 16.20335 16.16289 16.12684 16.08626 16.05139 16.01718 15.93514 15.84546 15.76004 15.78209 15.98245 16.30458 16.63533 17.02676 17.30801 17.55395 17.70013 17.88301 18.03595 18.10407 18.13178 -9999 -9999 -9999 -9999 -9999 -9999 -9999 -9999 -9999 -9999
-9999 -9999 -9999 -9999 -9999 -9999 -9999 -9999 -9999 -9999 -9999 -9999 -9999 -9999 -9999 17.37728 17.31787 17.24153 17.15314 17.08327 17.00749 16.91993 16.83563 16.76092 16.69281 16.6245 16.56946 16.52005 16.47581 16.43767 16.3903 16.35027 16.32109 16.28864 16.24329 16.19596 16.14597 16.11215 16.07946 16.01838 15.95746 15.88913 15.91005 16.11327 16.36265 16.69071 16.99293 17.33165 17.57541 17.79279 18.02779 18.14947 18.22026 18.33689 18.44095 -9999 -9999 -9999 -9999 -9999 -9999 -9999 -9999 -9999
-9999 -9999 -9999 -9999 -9999 -9999 -9999 -9999 -9999 -9999 -9999 -9999 -9999 -9999 -9999 17.43576 17.41462 17.32811 17.25338 17.18085 17.09512 17.01842 16.92681 16.83786 16.78519 16.72183 16.658 16.6149 16.57291 16.5309 16.49162 16.44687 16.41406 16.39028 16.33338 16.28184 16.23075 16.18324 16.15189 16.11015 16.06435 16.03557 16.08408 16.17811 16.34665 16.65801 16.97179 17.25047 17.55217 17.81302 18.0731 18.24124 18.33428 18.41037 18.49804 18.58943 18.74015 -9999 -9999 -9999 -9999 -9999 -9999 -9999
-9999 -9999 -9999 -9999 -9999 -9999 -9999 -9999 -9999 -9999 -9999 -9999 -9999 -9999 -9999 -9999 17.47586 17.39507 17.33011 17.23989 17.14885 17.08477 16.9908 16.90427 16.85038 16.77997 16.73229 16.68994 16.64536 16.6081 16.56994 16.52946 16.49996 16.46168 16.40682 16.35911 16.2969 16.25071 16.21963 16.19057 16.16704 16.14604 16.18558 16.24577 16.36683 16.55305 16.75961 17.04357 17.36904 17.73933 18.03665 18.24538 18.41173 18.52081 18.61245 18.70197 18.79919 18.89256 -9999 -9999 -9999 -9999 -9999 -9999
-9999 -9999 -9999 -9999 -9999 -9999 -9999 -9999 -9999 -9999 -9999 -9999 -9999 -9999 -9999 -9999 17.53992 17.47313 17.40666 17.33818 17.23553 17.15483 17.07146 16.97412 16.91806 16.86613 16.81801 16.77207 16.72993 16.6916 16.64791 16.61787 16.58336 16.52283 16.47429 16.41706 16.35302 16.31032 16.26593 16.23866 16.22182 16.21507 16.2331 16.30137 16.37896 16.48954 16.68004 16.95784 17.24428 17.65555 17.97266 18.19884 18.42151 18.56489 18.68254 18.78721 18.86718 18.92719 18.97071 -9999 -9999 -9999 -9999 -9999
-9999 -9999 -9999 -9999 -9999 -9999 -9999 -9999 -9999 -9999 -9999 -9999 -9999 -9999 -9999 -9999 17.6078 17.54614 17.49529 17.42269 17.32331 17.24982 17.15421 17.06354 17.01054 16.96146 16.91011 16.87651 16.83817 16.7985 16.76513 16.72923 16.68448 16.63698 16.57187 16.51491 16.45922 16.4043 16.3677 16.33551 16.30771 16.29865 16.31473 16.3509 16.41984 16.50438 16.6625 16.92141 17.20548 17.56725 17.88246 18.15709 18.37544 18.55536 18.7173 18.83825 18.91831 18.97501 19.00069 18.99485 -9999 -9999 -9999 -9999
-9999 -9999 -9999 -9999 -9999 -9999 -9999 -9999 -9999 -9999 -9999 -9999 -9999 -9999 -9999 -9999 17.65891 17.61061 17.56013 17.4873 17.37438 17.3184 17.22407 17.1385 17.09175 17.03226 16.98825 16.96715 16.92829 16.89993 16.87434 16.81934 16.78231 16.74336 16.67435 16.62788 16.56714 16.51755 16.48869 16.44459 16.41642 16.40225 16.41069 16.43711 16.49463 16.5835 16.71113 16.94185 17.22508 17.51417 17.82847 18.09143 18.30891 18.51974 18.69909 18.84418 18.94124 19.01368 19.02557 19.00027 -9999 -9999 -9999 -9999
-9999 -9999 -9999 -9999 -9999 -9999 -9999 -9999 -9999 -9999 -9999 -9999 -9999 -9999 -9999 -9999 17.74563 17.7182 17.63033 17.5705 17.46484 17.3892 17.3145 17.23712 17.17978 17.11952 17.0748 17.04661 17.00826 16.98025 16.93594 16.8861 16.85362 16.79856 16.73808 16.68462 16.62642 16.59677 16.56224 16.51685 16.49318 16.47159 16.48268 16.51152 16.55968 16.66085 16.78973 17.01701 17.23007 17.52622 17.82211 18.01957 18.26813 18.47795 18.64281 18.8198 18.93246 19.00662 18.99767 18.95998 -9999 -9999 -9999 -9999
-9999 -9999 -9999 -9999 -9999 -9999 -9999 -9999 -9999 -9999 -9999 -9999 -9999 -9999 -9999 -9999 -9999 17.78426 17.73478 17.65529 17.5679 17.50319 17.42554 17.35641 17.29604 17.2419 17.19649 17.16431 17.13186 17.08539 17.05192 16.99303 16.94838 16.90485 16.84541 16.7918 16.74989 16.71239 16.67957 16.64048 16.60371 16.57823 16.59048 16.61308 16.66343 16.7412 16.85451 17.07471 17.24925 17.53552 17.81283 17.99093 18.23783 18.4372 18.59832 18.78615 18.90333 18.967 18.93331 18.85416 -9999 -9999 -9999 -9999
-9999 -9999 -9999 -9999 -9999 -9999 -9999 -9999 -9999 -9999 -9999 -9999 -9999 -9999 -9999 -9999 -9999 17.83627 17.80243 17.72389 17.64724 17.59507 17.51423 17.45294 17.39701 17.34154 17.31182 17.27701 17.23064 17.19715 17.14162 17.08576 17.05287 16.99907 16.94958 16.90322 16.85738 16.8301 16.80879 16.77399 16.74887 16.7215 16.72527 16.74417 16.79004 16.85306 16.93088 17.11831 17.30603 17.52297 17.78963 17.97963 18.1863 18.39178 18.5648 18.73974 18.86331 18.9292 18.8745 18.76851 18.70738 -9999 -9999 -9999
