Coarse-scale-data/Bio-ORACLE-projtemp/temp_mean_2050_2.6.asc
ncols         64
nrows         68
xllcorner     -552526.67139316
yllcorner     3561544.368174
cellsize      17237.140329928
NODATA_value  -9999
[rows 33 to 65 of 68, columns 0 to 63 of 64]
-9999 -9999 -9999 -9999 -9999 -9999 -9999 -9999 15.6536 15.60861 15.52235 15.4189 15.32373 15.23801 15.14878 15.06017 14.95461 14.84625 14.75416 14.63473 14.54593 14.44421 14.35164 14.28706 14.21285 14.16908 14.12218 14.03466 13.92944 13.79492 13.64027 13.56417 13.53429 -9999 -9999 -9999 -9999 -9999 -9999 -9999 -9999 -9999 -9999 -9999 -9999 -9999 -9999 -9999 -9999 -9999 -9999 -9999 -9999 -9999 -9999 -9999 -9999 -9999 -9999 -9999 -9999 -9999 -9999 -9999
-9999 -9999 -9999 -9999 -9999 -9999 -9999 -9999 -9999 -9999 15.63099 15.52594 15.41907 15.33201 15.24128 15.15532 15.06135 14.94874 14.84354 14.74352 14.64481 14.54961 14.45716 14.38457 14.3193 14.28424 14.24698 14.2025 14.12488 13.974 13.82564 13.69276 13.58614 -9999 -9999 -9999 -9999 -9999 -9999 -9999 -9999 -9999 -9999 -9999 -9999 -9999 -9999 -9999 -9999 -9999 -9999 -9999 -9999 -9999 -9999 -9999 -9999 -9999 -9999 -9999 -9999 -9999 -9999 -9999
-9999 -9999 -9999 -9999 -9999 -9999 -9999 -9999 -9999 -9999 15.71199 15.60312 15.5101 15.41759 15.32214 15.25433 15.15541 15.04158 14.95575 14.84853 14.75632 14.66232 14.56467 14.49806 14.43541 14.39416 14.3751 14.36756 14.31257 14.20088 14.0576 13.85672 13.68937 13.61345 -9999 -9999 -9999 -9999 -9999 -9999 -9999 -9999 -9999 -9999 -9999 -9999 -9999 -9999 -9999 -9999 -9999 -9999 -9999 -9999 -9999 -9999 -9999 -9999 -9999 -9999 -9999 -9999 -9999 -9999
-9999 -9999 -9999 -9999 -9999 -9999 -9999 -9999 -9999 -9999 15.80887 15.70441 15.60771 15.50422 15.41122 15.32692 15.22438 15.1154 15.01722 14.91203 14.83352 14.7306 14.65157 14.58998 14.52276 14.48642 14.47297 14.47084 14.44739 14.39243 14.24218 14.06849 13.86355 13.71922 13.66523 13.67458 -9999 -9999 -9999 -9999 -9999 -9999 -9999 -9999 -9999 -9999 -9999 -9999 -9999 -9999 -9999 -9999 -9999 -9999 -9999 -9999 -9999 -9999 -9999 -9999 -9999 -9999 -9999 -9999
-9999 -9999 -9999 -9999 -9999 -9999 -9999 -9999 -9999 -9999 15.91532 15.82818 15.72607 15.62601 15.52207 15.41604 15.32169 15.22102 15.11883 15.013 14.92191 14.83006 14.75113 14.6781 14.61201 14.57513 14.55137 14.54743 14.53138 14.46305 14.36255 14.18948 13.97741 13.83155 13.72064 13.72081 13.72031 -9999 -9999 -9999 -9999 -9999 -9999 -9999 -9999 -9999 -9999 -9999 -9999 -9999 -9999 -9999 -9999 -9999 -9999 -9999 -9999 -9999 -9999 -9999 -9999 -9999 -9999 -9999
-9999 -9999 -9999 -9999 -9999 -9999 -9999 -9999 -9999 -9999 15.98353 15.9247 15.83904 15.72783 15.61214 15.52178 15.41288 15.31547 15.21927 15.11652 15.03294 14.94943 14.86253 14.78999 14.7243 14.67795 14.65582 14.64574 14.62892 14.5899 14.50275 14.33669 14.09319 13.90254 13.76977 13.78884 -9999 -9999 -9999 -9999 -9999 -9999 -9999 -9999 -9999 -9999 -9999 -9999 -9999 -9999 -9999 -9999 -9999 -9999 -9999 -9999 -9999 -9999 -9999 -9999 -9999 -9999 -9999 -9999
-9999 -9999 -9999 -9999 -9999 -9999 -9999 -9999 -9999 -9999 16.01978 15.99386 15.91524 15.80915 15.69313 15.58509 15.47296 15.39027 15.2976 15.19836 15.12508 15.03205 14.95958 14.89252 14.82159 14.78437 14.75228 14.73996 14.72753 14.70059 14.61917 14.45238 14.23038 13.99605 13.84618 13.83732 -9999 -9999 -9999 -9999 -9999 -9999 -9999 -9999 -9999 -9999 -9999 -9999 -9999 -9999 -9999 -9999 -9999 -9999 -9999 -9999 -9999 -9999 -9999 -9999 -9999 -9999 -9999 -9999
-9999 -9999 -9999 -9999 -9999 -9999 -9999 -9999 -9999 -9999 -9999 16.0863 15.98192 15.88649 15.77412 15.66971 15.56708 15.46762 15.37925 15.28504 15.20763 15.11711 15.04698 14.96958 14.89694 14.86269 14.81569 14.7993 14.78329 14.7532 14.69277 14.56465 14.34564 14.12629 13.92885 13.88133 13.93786 -9999 -9999 -9999 -9999 -9999 -9999 -9999 -9999 -9999 -9999 -9999 -9999 -9999 -9999 -9999 -9999 -9999 -9999 -9999 -9999 -9999 -9999 -9999 -9999 -9999 -9999 -9999
-9999 -9999 -9999 -9999 -9999 -9999 -9999 -9999 -9999 -9999 -9999 16.15359 16.07347 15.96501 15.86698 15.75815 15.65082 15.55919 15.4698 15.38301 15.31196 15.2352 15.15413 15.07388 14.99593 14.95539 14.91631 14.89079 14.86007 14.83433 14.77456 14.67335 14.47052 14.27988 14.05395 13.9728 13.98642 -9999 -9999 -9999 -9999 -9999 -9999 -9999 -9999 -9999 -9999 -9999 -9999 -9999 -9999 -9999 -9999 -9999 -9999 -9999 -9999 -9999 -9999 -9999 -9999 -9999 -9999 -9999
-9999 -9999 -9999 -9999 -9999 -9999 -9999 -9999 -9999 -9999 -9999 -9999 16.12314 16.01952 15.92437 15.81663 15.71195 15.63596 15.54146 15.46642 15.40554 15.32897 15.25654 15.17407 15.07963 15.05017 15.01008 14.9711 14.93725 14.90091 14.85374 14.78492 14.63004 14.48036 14.27174 14.13802 14.07365 -9999 -9999 -9999 -9999 -9999 -9999 -9999 -9999 -9999 -9999 -9999 -9999 -9999 -9999 -9999 -9999 -9999 -9999 -9999 -9999 -9999 -9999 -9999 -9999 -9999 -9999 -9999
-9999 -9999 -9999 -9999 -9999 -9999 -9999 -9999 -9999 -9999 -9999 -9999 16.15952 16.06773 15.96719 15.87965 15.77733 15.69595 15.6084 15.53534 15.47082 15.39495 15.32894 15.24017 15.17226 15.13166 15.06493 15.02998 14.98755 14.94466 14.9099 14.858 14.76733 14.65673 14.47437 14.32068 14.19632 14.13714 -9999 -9999 -9999 -9999 -9999 -9999 -9999 -9999 -9999 -9999 -9999 -9999 -9999 -9999 -9999 -9999 -9999 -9999 -9999 -9999 -9999 -9999 -9999 -9999 -9999 -9999
-9999 -9999 -9999 -9999 -9999 -9999 -9999 -9999 -9999 -9999 -9999 -9999 16.20842 16.1245 16.03431 15.94843 15.84912 15.76543 15.68503 15.61012 15.54709 15.47597 15.40188 15.33838 15.26708 15.20367 15.13929 15.08899 15.03522 14.99193 14.95866 14.9184 14.86734 14.77678 14.62697 14.48411 14.31948 14.22422 14.26304 -9999 -9999 -9999 -9999 -9999 -9999 -9999 -9999 -9999 -9999 -9999 -9999 -9999 -9999 -9999 -9999 -9999 -9999 -9999 -9999 -9999 -9999 -9999 -9999 -9999
-9999 -9999 -9999 -9999 -9999 -9999 -9999 -9999 -9999 -9999 -9999 -9999 16.26593 16.18598 16.09953 16.00227 15.91098 15.83573 15.74404 15.67644 15.6133 15.54478 15.47309 15.39311 15.32724 15.26808 15.20081 15.14388 15.08684 15.04148 15.01118 14.98667 14.95555 14.90919 14.82666 14.68471 14.53544 14.37234 14.28491 14.29554 -9999 -9999 -9999 -9999 -9999 -9999 -9999 -9999 -9999 -9999 -9999 -9999 -9999 -9999 -9999 -9999 -9999 -9999 -9999 -9999 -9999 -9999 -9999 -9999
-9999 -9999 -9999 -9999 -9999 -9999 -9999 -9999 -9999 -9999 -9999 -9999 16.29251 16.24325 16.15783 16.06492 15.96399 15.88587 15.7976 15.72969 15.65948 15.58322 15.52112 15.43348 15.3707 15.31493 15.24359 15.19179 15.13237 15.08228 15.0576 15.03303 15.02054 15.00215 14.95005 14.86943 14.74826 14.56577 14.44654 14.38137 14.34515 -9999 -9999 -9999 -9999 -9999 -9999 -9999 -9999 -9999 -9999 -9999 -9999 -9999 -9999 -9999 -9999 -9999 -9999 -9999 -9999 -9999 -9999 -9999
-9999 -9999 -9999 -9999 -9999 -9999 -9999 -9999 -9999 -9999 -9999 -9999 -9999 16.30929 16.23288 16.14638 16.03401 15.94391 15.8632 15.7927 15.72789 15.64861 15.56605 15.48639 15.42053 15.36446 15.29896 15.24232 15.18762 15.13236 15.10124 15.07575 15.07371 15.06463 15.03805 14.98778 14.85462 14.71248 14.5889 14.44 14.40665 14.40473 -9999 -9999 -9999 -9999 -9999 -9999 -9999 -9999 -9999 -9999 -9999 -9999 -9999 -9999 -9999 -9999 -9999 -9999 -9999 -9999 -9999 -9999
-9999 -9999 -9999 -9999 -9999 -9999 -9999 -9999 -9999 -9999 -9999 -9999 -9999 16.38473 16.31103 16.21853 16.12255 16.03064 15.92939 15.86701 15.79698 15.71714 15.64325 15.55373 15.48123 15.43016 15.36701 15.308 15.2658 15.20836 15.16247 15.141 15.148 15.16135 15.16908 15.12157 15.01848 14.88885 14.71479 14.55553 14.43027 14.34248 -9999 -9999 -9999 -9999 -9999 -9999 -9999 -9999 -9999 -9999 -9999 -9999 -9999 -9999 -9999 -9999 -9999 -9999 -9999 -9999 -9999 -9999
-9999 -9999 -9999 -9999 -9999 -9999 -9999 -9999 -9999 -9999 -9999 -9999 -9999 16.43768 16.36966 16.27833 16.18402 16.08485 15.99176 15.93047 15.84557 15.77747 15.71018 15.61776 15.55385 15.4994 15.43351 15.38248 15.33436 15.28332 15.24257 15.22609 15.22368 15.23369 15.23977 15.21636 15.15678 15.0291 14.849 14.62999 14.46211 14.35557 -9999 -9999 -9999 -9999 -9999 -9999 -9999 -9999 -9999 -9999 -9999 -9999 -9999 -9999 -9999 -9999 -9999 -9999 -9999 -9999 -9999 -9999
-9999 -9999 -9999 -9999 -9999 -9999 -9999 -9999 -9999 -9999 -9999 -9999 -9999 16.4748 16.43885 16.36049 16.25646 16.16864 16.07624 16.00317 15.9223 15.86501 15.7868 15.70624 15.64239 15.5782 15.51171 15.45414 15.38808 15.34541 15.31672 15.28178 15.27539 15.2785 15.28229 15.27304 15.22247 15.10982 14.92711 14.71675 14.539 14.42791 -9999 -9999 -9999 -9999 -9999 -9999 -9999 -9999 -9999 -9999 -9999 -9999 -9999 -9999 -9999 -9999 -9999 -9999 -9999 -9999 -9999 -9999
-9999 -9999 -9999 -9999 -9999 -9999 -9999 -9999 -9999 -9999 -9999 -9999 -9999 -9999 16.49627 16.43425 16.34753 16.25219 16.1595 16.09955 16.03445 15.96535 15.89264 15.8137 15.74369 15.6827 15.61703 15.54851 15.49213 15.44787 15.40652 15.37303 15.35864 15.35061 15.34844 15.33392 15.29227 15.19326 15.00739 14.81475 14.62623 14.55562 -9999 -9999 -9999 -9999 -9999 -9999 -9999 -9999 -9999 -9999 -9999 -9999 -9999 -9999 -9999 -9999 -9999 -9999 -9999 -9999 -9999 -9999
-9999 -9999 -9999 -9999 -9999 -9999 -9999 -9999 -9999 -9999 -9999 -9999 -9999 -9999 16.55667 16.48801 16.41328 16.32702 16.23338 16.18416 16.11072 16.05138 15.98713 15.90489 15.84349 15.78642 15.71438 15.66101 15.60389 15.54613 15.50931 15.47459 15.44249 15.43126 15.41442 15.39651 15.36149 15.27366 15.12489 14.91079 14.74226 14.70745 -9999 -9999 -9999 -9999 -9999 -9999 -9999 -9999 -9999 -9999 -9999 -9999 -9999 -9999 -9999 -9999 -9999 -9999 -9999 -9999 -9999 -9999
-9999 -9999 -9999 -9999 -9999 -9999 -9999 -9999 -9999 -9999 -9999 -9999 -9999 -9999 16.66603 16.59368 16.50889 16.41876 16.33891 16.27773 16.20336 16.14402 16.07287 15.99182 15.93375 15.85723 15.79623 15.74111 15.66755 15.62142 15.57658 15.5386 15.51571 15.48601 15.4642 15.44468 15.4136 15.34982 15.23872 15.0325 14.88809 14.84961 15.01279 15.25054 15.71686 15.99023 16.27414 16.46616 -9999 -9999 -9999 -9999 -9999 -9999 -9999 -9999 -9999 -9999 -9999 -9999 -9999 -9999 -9999 -9999
-9999 -9999 -9999 -9999 -9999 -9999 -9999 -9999 -9999 -9999 -9999 -9999 -9999 -9999 16.74376 16.69734 16.62871 16.5382 16.45533 16.39546 16.32824 16.25903 16.18975 16.10444 16.03089 15.96165 15.90317 15.83932 15.79068 15.73229 15.67327 15.63826 15.60721 15.56629 15.53908 15.50814 15.47956 15.43252 15.33803 15.18192 15.03509 14.97724 15.10089 15.32174 15.681 16.01595 16.30033 16.53267 16.70431 -9999 -9999 -9999 -9999 -9999 -9999 -9999 -9999 -9999 -9999 -9999 -9999 -9999 -9999 -9999
-9999 -9999 -9999 -9999 -9999 -9999 -9999 -9999 -9999 -9999 -9999 -9999 -9999 -9999 -9999 16.78471 16.73354 16.63757 16.56127 16.5011 16.42429 16.35873 16.28607 16.19919 16.13058 16.06373 15.99505 15.95087 15.9045 15.84365 15.79113 15.74671 15.70583 15.67222 15.63115 15.59461 15.56124 15.51531 15.44376 15.33266 15.19972 15.10685 15.19532 15.34558 15.66691 16.06811 16.39701 16.62341 16.82679 17.06083 17.25682 17.45006 17.51989 -9999 -9999 -9999 -9999 -9999 -9999 -9999 -9999 -9999 -9999 -9999
-9999 -9999 -9999 -9999 -9999 -9999 -9999 -9999 -9999 -9999 -9999 -9999 -9999 -9999 -9999 16.91029 16.83936 16.75285 16.66699 16.59163 16.50763 16.43958 16.35561 16.26872 16.20855 16.11283 16.07059 16.0218 15.96803 15.92464 15.87334 15.82815 15.79278 15.75728 15.71196 15.67168 15.62462 15.58244 15.5448 15.46022 15.37253 15.28974 15.31503 15.5184 15.8486 16.17671 16.56946 16.85258 17.10025 17.2579 17.44718 17.58631 17.64997 17.67286 -9999 -9999 -9999 -9999 -9999 -9999 -9999 -9999 -9999 -9999
-9999 -9999 -9999 -9999 -9999 -9999 -9999 -9999 -9999 -9999 -9999 -9999 -9999 -9999 -9999 17.02587 16.96124 16.87734 16.78052 16.70455 16.62289 16.53605 16.45079 16.37521 16.29389 16.22249 16.16224 16.10844 16.05907 16.0161 15.9635 15.91846 15.88224 15.84243 15.7932 15.73787 15.68213 15.64229 15.60737 15.54636 15.48528 15.41804 15.44015 15.64639 15.89634 16.22746 16.53321 16.87414 17.11868 17.3418 17.57908 17.69669 17.7651 17.87684 17.98024 -9999 -9999 -9999 -9999 -9999 -9999 -9999 -9999 -9999
-9999 -9999 -9999 -9999 -9999 -9999 -9999 -9999 -9999 -9999 -9999 -9999 -9999 -9999 -9999 17.08156 17.05727 16.96366 16.88331 16.80627 16.71697 16.64017 16.5472 16.45871 16.39252 16.32246 16.25521 16.20981 16.16353 16.1138 16.06827 16.01863 15.98 15.94757 15.88513 15.82267 15.76504 15.71231 15.67956 15.63884 15.59174 15.5639 15.6136 15.70563 15.8775 16.19113 16.50746 16.78755 17.09318 17.35482 17.61779 17.78724 17.87829 17.94997 18.03697 18.12669 18.27646 -9999 -9999 -9999 -9999 -9999 -9999 -9999
-9999 -9999 -9999 -9999 -9999 -9999 -9999 -9999 -9999 -9999 -9999 -9999 -9999 -9999 -9999 -9999 17.1159 17.02854 16.95712 16.86617 16.77612 16.70769 16.61718 16.52886 16.4651 16.38936 16.33432 16.28942 16.243 16.19805 16.15205 16.10697 16.07091 16.02756 15.9634 15.90331 15.83248 15.78167 15.75008 15.71878 15.69367 15.67481 15.7109 15.77152 15.89508 16.08273 16.29059 16.57817 16.90838 17.2787 17.57908 17.79034 17.95382 18.06083 18.15131 18.23978 18.33625 18.42863 -9999 -9999 -9999 -9999 -9999 -9999
-9999 -9999 -9999 -9999 -9999 -9999 -9999 -9999 -9999 -9999 -9999 -9999 -9999 -9999 -9999 -9999 17.17468 17.09689 17.03008 16.9642 16.86499 16.78361 16.70065 16.59982 16.53748 16.47509 16.42086 16.37435 16.33154 16.28627 16.23527 16.20043 16.15715 16.09251 16.03432 15.96661 15.8944 15.84685 15.79796 15.76905 15.74817 15.73989 15.75825 15.82468 15.90091 16.01402 16.20804 16.49016 16.77897 17.19195 17.51376 17.74447 17.96443 18.10568 18.22194 18.32591 18.40497 18.46334 18.50179 -9999 -9999 -9999 -9999 -9999
-9999 -9999 -9999 -9999 -9999 -9999 -9999 -9999 -9999 -9999 -9999 -9999 -9999 -9999 -9999 -9999 17.24456 17.17628 17.11959 17.05055 16.95568 16.88183 16.78434 16.68927 16.63203 16.57275 16.51679 16.4828 16.44176 16.39633 16.35732 16.31417 16.26161 16.20696 16.13308 16.0683 16.0047 15.94363 15.90108 15.86323 15.83221 15.82326 15.83926 15.87056 15.93232 16.0205 16.18734 16.45133 16.73644 17.1005 17.41808 17.70157 17.91848 18.09584 18.25824 18.38047 18.45774 18.50855 18.52729 18.51422 -9999 -9999 -9999 -9999
-9999 -9999 -9999 -9999 -9999 -9999 -9999 -9999 -9999 -9999 -9999 -9999 -9999 -9999 -9999 -9999 17.29091 17.24197 17.19228 17.11726 17.00962 16.95348 16.85861 16.76685 16.71558 16.6488 16.60067 16.57692 16.5334 16.50136 16.47162 16.40907 16.36682 16.31207 16.2387 16.18724 16.11569 16.05852 16.02078 15.97039 15.94383 15.92992 15.93301 15.95174 16.0048 16.10109 16.23656 16.469 16.75328 17.04439 17.36058 17.6293 17.8478 18.05836 18.23966 18.38793 18.47807 18.54158 18.54741 18.51913 -9999 -9999 -9999 -9999
-9999 -9999 -9999 -9999 -9999 -9999 -9999 -9999 -9999 -9999 -9999 -9999 -9999 -9999 -9999 -9999 17.3806 17.35059 17.26809 17.20337 17.10598 17.02735 16.95157 16.86845 16.80572 16.73966 16.69009 16.65798 16.61582 16.58395 16.53572 16.47825 16.43917 16.37351 16.30529 16.24516 16.1792 16.14091 16.09906 16.04959 16.02426 16.00172 16.0044 16.02913 16.07717 16.1841 16.31851 16.54311 16.75686 17.05496 17.35365 17.55175 17.80217 18.01366 18.18014 18.35855 18.46314 18.52966 18.51828 18.47647 -9999 -9999 -9999 -9999
-9999 -9999 -9999 -9999 -9999 -9999 -9999 -9999 -9999 -9999 -9999 -9999 -9999 -9999 -9999 -9999 -9999 17.42034 17.37127 17.29424 17.20982 17.14433 17.06357 16.9893 16.92487 16.86419 16.8134 16.77687 16.74251 16.69517 16.65682 16.58867 16.53262 16.48312 16.41534 16.35641 16.30674 16.2632 16.22357 16.18151 16.1398 16.111 16.11441 16.13636 16.18914 16.26988 16.3844 16.60127 16.77577 17.06515 17.34446 17.52109 17.76867 17.96926 18.13151 18.31694 18.42883 18.48742 18.45277 18.36718 -9999 -9999 -9999 -9999
-9999 -9999 -9999 -9999 -9999 -9999 -9999 -9999 -9999 -9999 -9999 -9999 -9999 -9999 -9999 -9999 -9999 17.47436 17.43933 17.36283 17.28976 17.2383 17.15358 17.08779 17.0289 16.96617 16.93079 16.89023 16.84235 16.81095 16.74514 16.68417 16.64054 16.57874 16.52494 16.47228 16.42225 16.39164 16.35845 16.32174 16.29041 16.25823 16.25584 16.27378 16.32095 16.38474 16.46135 16.64529 16.83418 17.05392 17.32093 17.50677 17.71386 17.91953 18.09262 18.2648 18.38394 18.44732 18.38974 18.27882 18.21482 -9999 -9999 -9999
